4.976482664567843273e+01
4.991967328364863477e+01
5.012258615864381284e+01
5.021346241978871205e+01
5.005238232943620602e+01
4.960338177167018614e+01
4.896396887581847324e+01
4.817519195316177871e+01
4.733263124120895782e+01
4.631489887452494969e+01
4.520719272076634354e+01
4.407530394952797792e+01
4.297035377965524816e+01
4.192571670677038043e+01
4.095967356603225085e+01
4.007953182507406353e+01
3.928580251657895417e+01
3.857550933168917595e+01
3.794402512437618213e+01
3.738591263181344715e+01
3.689525664447149467e+01
3.646574939602559340e+01
3.609076724597699837e+01
3.576357153350998885e+01
3.547762755375336496e+01
3.522695642796298188e+01
3.500641939877506559e+01
3.481185101679896121e+01
3.463995799749701376e+01
3.448780777302544465e+01
3.435090435267730413e+01
3.421633787587441589e+01
3.403449439688976952e+01
3.359602658458757674e+01
3.346430952771135736e+01
9.854240202053765074e+01
9.898093313966245432e+01
9.958414113613144991e+01
9.995148238044471611e+01
9.972347745944705366e+01
9.878877273634485334e+01
9.743235309806549083e+01
9.576922118367076564e+01
9.379807078897088957e+01
9.143436361185203509e+01
8.881192847972869231e+01
8.608779975840880638e+01
8.339269032406994597e+01
8.081436577190291359e+01
7.840446010781275277e+01
7.618751487311180881e+01
7.417063849010783372e+01
7.235163092670435958e+01
7.072330562143548605e+01
6.927549474115174633e+01
6.799593919957261789e+01
6.687054504338024685e+01
6.588364551889485199e+01
6.501863511591750466e+01
6.425893258193684687e+01
6.358901115202370136e+01
6.299519396393142756e+01
6.246595933261260569e+01
6.199151520349670363e+01
6.156231780716170476e+01
6.116498763644214876e+01
6.077291858158307747e+01
6.032164273847011771e+01
5.963516860934851138e+01
5.934765140885463097e+01
1.381721338499217779e+02
1.390067474354050319e+02
1.401922130854653119e+02
1.410703383291942430e+02
1.410196102688867086e+02
1.397776671405431728e+02
1.380691494802709656e+02
1.360305652531276053e+02
1.334664118636374042e+02
1.302195900642870754e+02
1.265506541110401884e+02
1.227030933691141286e+02
1.188745802271659926e+02
1.151914487721912508e+02
1.117299638632379413e+02
1.085277712769144216e+02
1.055977298388925050e+02
1.029407337652723271e+02
1.005507583514085610e+02
9.841695867478718185e+01
9.652476474059351119e+01
9.485591975374940432e+01
9.338871512439908429e+01
9.209908108312112063e+01
9.096232815722308374e+01
8.995500184007818234e+01
8.905630474630183357e+01
8.824868954952063405e+01
8.751734303812135352e+01
8.684860525149917976e+01
8.622575800608363750e+01
8.562343504512014647e+01
8.500576353435229748e+01
8.436747850910387569e+01
8.403218752213592779e+01
1.698941267810292004e+02
1.713647627374500360e+02
1.734457213774939248e+02
1.751723265405612153e+02
1.755754544445826753e+02
1.739273577757529097e+02
1.721252540478293724e+02
1.701741048243934529e+02
1.674909699260887521e+02
1.636274643209561077e+02
1.592128900394266964e+02
1.545627252103408580e+02
1.499386921890875612e+02
1.454820981554894388e+02
1.412838706691902075e+02
1.373871782986752237e+02
1.338053162620144860e+02
1.305425421507302133e+02
1.275961238351651872e+02
1.249571058231366152e+02
1.226116601794716416e+02
1.205400902235930687e+02
1.187166117601588837e+02
1.171110128909433428e+02
1.156914826288481208e+02
1.144276149971562404e+02
1.132927205323093887e+02
1.122649738782563560e+02
1.113272836875135283e+02
1.104665403664571386e+02
1.096713399441226642e+02
1.089313913602359349e+02
1.082465651518871823e+02
1.076628001123189478e+02
1.073411056151946497e+02
1.945688428109538961e+02
1.971413198199873023e+02
2.005511117981373275e+02
2.035442730720557734e+02
2.048247051420235039e+02
2.021761950824933081e+02
2.005404420987149479e+02
1.992252426868141129e+02
1.969539962981872918e+02
1.924335974002675016e+02
1.874580910692000941e+02
1.822131951638907879e+02
1.770531720313662447e+02
1.720810619802899453e+02
1.674004655294403392e+02
1.630509492508301150e+02
1.590356722926779298e+02
1.553637350989211257e+02
1.520375981753813335e+02
1.490514925976686413e+02
1.463950854885635238e+02
1.440494392741503589e+02
1.419856831983834979e+02
1.401676742410232066e+02
1.385564705530540550e+02
1.371150021458531683e+02
1.358115806749412684e+02
1.346217713344225899e+02
1.335288716724520839e+02
1.325239329179561878e+02
1.316055675402260192e+02
1.307800339217101850e+02
1.300680671775187704e+02
1.295193853515227715e+02
1.292206167032513804e+02
2.125755267131685571e+02
2.173022338186824243e+02
2.225668387655610161e+02
2.272147450168719445e+02
2.300418718024478721e+02
2.250344462994823118e+02
2.239962979971293180e+02
2.240437304763916302e+02
2.230651434888832796e+02
2.171442453997473194e+02
2.118409333653007707e+02
2.061017807602609651e+02
2.006403744722936437e+02
1.953509427546433415e+02
1.903961274197948512e+02
1.857991653045206135e+02
1.815297929915916768e+02
1.776124053648638608e+02
1.740570136805055199e+02
1.708599198972122792e+02
1.680180687227893372e+02
1.655153351522277774e+02
1.633195825952158771e+02
1.613876525657001366e+02
1.596722794035975141e+02
1.581292162048836190e+02
1.567221893188136903e+02
1.554253238048716810e+02
1.542240017296882115e+02
1.531151640846508712e+02
1.521084709714212977e+02
1.512246880490554304e+02
1.504958314441931009e+02
1.499644000014569940e+02
1.496795252533410405e+02
2.196662515420781574e+02
2.262361730285678334e+02
2.333383395396843696e+02
2.384679874776696522e+02
2.411906496987317610e+02
2.414716412138455155e+02
2.428034132745941918e+02
2.444864214569644218e+02
2.445336282610201124e+02
2.375707777795223024e+02
2.329359490915134074e+02
2.265395737040078075e+02
2.211119011957380849e+02
2.156203910098823826e+02
2.105654722056544585e+02
2.059077314840715189e+02
2.015220460789193169e+02
1.974923130694056113e+02
1.938354185089768862e+02
1.905416249576082919e+02
1.876238823214695515e+02
1.850707075892719899e+02
1.828446266314797413e+02
1.808928845510250767e+02
1.791571664197048790e+02
1.775846988991618787e+02
1.761347133686768416e+02
1.747806035235606998e+02
1.735104087321149393e+02
1.723273841814208254e+02
1.712512581982850008e+02
1.703171075824791671e+02
1.695672991496534792e+02
1.690373823508040800e+02
1.687488373197146814e+02
2.230085908121272666e+02
2.294154545068255118e+02
2.375332482872446178e+02
2.436163090257995236e+02
2.473057054656574110e+02
2.490072096080270398e+02
2.496716959844211488e+02
2.497366609803000301e+02
2.498021173225640723e+02
2.498905662240782704e+02
2.499446554160739424e+02
2.434719097310698430e+02
2.389981117436780096e+02
2.331605469224994920e+02
2.281738977530010004e+02
2.236580185366840965e+02
2.192318479301447098e+02
2.151969159628538080e+02
2.115501836104171787e+02
2.082502126020776814e+02
2.053520168916526245e+02
2.028472519574731905e+02
2.006876298842014421e+02
1.988072606869956473e+02
1.971315911278358897e+02
1.955972913775772213e+02
1.941596096734283492e+02
1.927920614620969104e+02
1.914851450998944244e+02
1.902469673164054313e+02
1.891059846797078592e+02
1.881129289764020029e+02
1.873285644646935566e+02
1.867864031742963675e+02
1.864566789489627752e+02
2.256913521320033169e+02
2.310416235231753603e+02
2.386523093955336776e+02
2.454123943591955594e+02
2.502783183511298262e+02
2.532683153524176021e+02
2.545702094331854823e+02
2.546366757415654547e+02
2.547071242640895434e+02
2.547903128879494261e+02
2.548889162115000317e+02
2.550210676230082072e+02
2.550671385238147195e+02
2.480328724736590402e+02
2.434475300055933076e+02
2.393625188333504070e+02
2.348449995072452339e+02
2.309051515020651095e+02
2.273739969467620483e+02
2.241269024056992691e+02
2.213355499863000659e+02
2.189741249346744780e+02
2.169741409732134514e+02
2.152562686227859103e+02
2.137179915789836002e+02
2.122835024567712594e+02
2.109068939021934170e+02
2.095639786337180510e+02
2.082471251381396087e+02
2.069655578272933951e+02
2.057521408421546312e+02
2.046743294931486048e+02
2.038312627897852281e+02
2.032772459952948338e+02
2.027983345469453695e+02
2.281493694818741744e+02
2.329462419507089805e+02
2.401433019220487779e+02
2.471562928642803172e+02
2.526645031839623528e+02
2.564412942300958775e+02
2.585818598069233758e+02
2.592329837064880849e+02
2.593043504567104947e+02
2.593818696061920264e+02
2.594658573557816226e+02
2.595531472214050837e+02
2.596083942824035375e+02
2.592773904510927423e+02
2.566309529886803489e+02
2.533788063861104263e+02
2.484839525997892054e+02
2.447913166986816123e+02
2.414647628114837516e+02
2.382909374391998938e+02
2.357047069770114831e+02
2.335791345276836353e+02
2.318248168831336500e+02
2.303685405043377159e+02
2.290417141373493166e+02
2.277593822677108051e+02
2.264840536055034192e+02
2.251989427425998258e+02
2.238979452243271453e+02
2.225846464138069223e+02
2.212840213412312664e+02
2.200742074882106181e+02
2.191290066684245232e+02
2.186472296940436877e+02
2.176657726151616146e+02
2.303904956595031308e+02
2.347521735437129848e+02
2.415509138741011270e+02
2.485590193597512325e+02
2.544155655241066256e+02
2.586883386934197802e+02
2.614874455638639574e+02
2.630442493292369477e+02
2.636101417062453720e+02
2.636823975275088969e+02
2.637563888681573872e+02
2.638281800808136950e+02
2.638880021573414751e+02
2.639684487662594847e+02
2.640414481775459308e+02
2.630010288783432202e+02
2.599740885462830988e+02
2.570727816434916804e+02
2.538562473884562962e+02
2.508580222519895528e+02
2.486110638996401576e+02
2.467902995005191542e+02
2.453395072424913508e+02
2.442843223608076926e+02
2.432338771366967762e+02
2.421377957900301965e+02
2.409911932116110336e+02
2.397927125235404731e+02
2.385386755645287735e+02
2.372178927755548727e+02
2.358210531856599346e+02
2.344027208400461006e+02
2.332600063234764889e+02
2.333105288507567252e+02
2.306386665938182148e+02
2.323873602726980039e+02
2.363498839492576735e+02
2.427084123228129613e+02
2.495280997723549206e+02
2.555017560065051043e+02
2.600675974146466274e+02
2.633157485340317407e+02
2.654826036969055849e+02
2.668300298456875339e+02
2.675879728903311161e+02
2.678015666002271473e+02
2.678687661715869126e+02
2.679329600496909052e+02
2.679997287925144747e+02
2.680626961547134215e+02
2.681190221258005977e+02
2.681583862895260495e+02
2.664192254400067554e+02
2.641908079398527320e+02
2.620411021430620053e+02
2.602561916488234601e+02
2.587180462221134576e+02
2.575307369853025534e+02
2.571993737112078975e+02
2.564347944582909804e+02
2.555208511888936584e+02
2.545121518744507796e+02
2.534240910021800062e+02
2.522598703191061702e+02
2.509885646484400752e+02
2.495189688190709205e+02
2.477353767402973972e+02
2.457444187433840739e+02
2.433485855767536918e+02
2.392674714095594197e+02
2.341481336823881918e+02
2.377136733073341759e+02
2.435779721834933298e+02
2.500691362913860587e+02
2.559610528871012605e+02
2.606840494650189157e+02
2.642128180447276122e+02
2.667672698160941422e+02
2.685891444007547761e+02
2.698781318743111228e+02
2.707713225829851353e+02
2.714000278699298292e+02
2.717567944651236758e+02
2.718173321782253424e+02
2.718739623134650856e+02
2.719239379357256894e+02
2.719647196444631163e+02
2.719934307960900242e+02
2.711327440641183557e+02
2.698170220816483607e+02
2.685010266705771755e+02
2.672760966923033266e+02
2.662955577295426224e+02
2.659864908606706422e+02
2.652935926916051130e+02
2.644641710640628958e+02
2.635213699906258284e+02
2.624782286212906115e+02
2.613346195955298299e+02
2.600419284560280175e+02
2.584638545702015904e+02
2.563864946566757794e+02
2.534939000223880896e+02
2.494676000875985267e+02
2.442612023043655824e+02
2.357061778938554824e+02
2.388653824930093208e+02
2.441781989728935969e+02
2.502481438312554758e+02
2.559350367959524988e+02
2.606837997522750925e+02
2.643804023428946266e+02
2.671825141967068475e+02
2.693067521637790946e+02
2.709357374146770212e+02
2.722069061551908931e+02
2.732206574107809161e+02
2.740254128881377369e+02
2.746534204805012109e+02
2.751600857202855082e+02
2.755151239744376426e+02
2.755811846887995671e+02
2.756050082249176967e+02
2.753492053190424826e+02
2.745359110241300300e+02
2.735568354904570469e+02
2.725640792859394992e+02
2.716909874786412615e+02
2.710322137060766181e+02
2.702725088932566564e+02
2.694533338478449309e+02
2.685382518976835513e+02
2.675270644149547934e+02
2.664061975072206678e+02
2.651103290906421535e+02
2.634739022386980309e+02
2.611860879805236664e+02
2.576559510127178214e+02
2.527231956195531666e+02
2.473350791516342611e+02
2.370866431111755617e+02
2.398648403298971346e+02
2.445712454336085955e+02
2.501309966057690701e+02
2.555361493268861750e+02
2.602077395073943649e+02
2.640054068004112651e+02
2.669775658727265863e+02
2.693102407365224167e+02
2.711651921841935291e+02
2.726723060212948440e+02
2.739332355224670437e+02
2.750080209517719823e+02
2.759309014927704879e+02
2.767183413690675025e+02
2.773508949837188879e+02
2.777774387883828808e+02
2.779631286632326237e+02
2.777458132144639080e+02
2.771192225744218263e+02
2.762790567881293669e+02
2.753465771375945792e+02
2.744066774499825101e+02
2.735121576623026840e+02
2.726237034060887936e+02
2.717359254344751776e+02
2.708043930589559523e+02
2.698017968418979535e+02
2.686978051383470074e+02
2.674141725368969560e+02
2.657646254009480913e+02
2.633599711013095543e+02
2.596363288999388601e+02
2.545228947535579209e+02
2.493957864090582746e+02
2.383110170675107611e+02
2.407347023244740001e+02
2.448652461719359223e+02
2.498125111679769930e+02
2.548541182759027492e+02
2.593923338897034228e+02
2.632280708164499288e+02
2.663368496619270900e+02
2.688394124852500227e+02
2.708685816000451041e+02
2.725414503447306060e+02
2.739738360552699987e+02
2.752298159956726522e+02
2.763461566339548199e+02
2.773353321562025826e+02
2.781770807235467942e+02
2.788146145360093442e+02
2.791718659264132611e+02
2.790236694094877521e+02
2.784401376248002293e+02
2.775998454926238992e+02
2.766258585607456553e+02
2.755793036847142048e+02
2.745000973516867475e+02
2.734844912936079595e+02
2.724690066885219721e+02
2.714699077188234924e+02
2.704244931150713569e+02
2.693031789408975101e+02
2.680253229043022998e+02
2.663971897548088350e+02
2.640149554906376466e+02
2.604219641235031304e+02
2.555610252632226036e+02
2.509059216752687860e+02
2.393975932108555753e+02
2.414949539373784262e+02
2.450890289743211952e+02
2.494487973378263348e+02
2.539783157295023557e+02
2.583169133007151572e+02
2.621247112418823804e+02
2.653728429400975415e+02
2.680479359374950263e+02
2.702466504784737822e+02
2.720550257622538766e+02
2.736247710627155243e+02
2.750201209500842765e+02
2.762872679209094144e+02
2.774481471848537240e+02
2.784842126218175054e+02
2.793025192891427082e+02
2.798457283152287118e+02
2.797508212150340796e+02
2.791085475421452884e+02
2.781671841046946270e+02
2.770874493065269348e+02
2.759288686567972491e+02
2.746863290660393204e+02
2.736095454191129761e+02
2.724914858241771185e+02
2.712881878657906327e+02
2.701050538477809937e+02
2.689158908369109326e+02
2.676311378077198810e+02
2.660511879876269745e+02
2.638535324740561805e+02
2.606208508813764979e+02
2.562707707502373751e+02
2.521366806674173802e+02
2.403620308985262284e+02
2.421623008157777122e+02
2.452639811315148393e+02
2.490721396323964427e+02
2.530998270856321142e+02
2.570495511795418224e+02
2.607917412722699737e+02
2.641290470698987747e+02
2.670054333780168463e+02
2.694176324793274375e+02
2.713675725366962297e+02
2.730609151105854266e+02
2.745661766894953075e+02
2.759504973741301797e+02
2.772543070466577433e+02
2.784852755475193931e+02
2.795296940563034696e+02
2.802955246201131558e+02
2.802742670684477275e+02
2.794611923380593907e+02
2.783315198172156215e+02
2.770822560076304626e+02
2.757609480282765162e+02
2.743405767208636234e+02
2.730205605173650270e+02
2.717012005048458150e+02
2.703768545794195575e+02
2.691003183970821055e+02
2.678617127249431178e+02
2.665924628687645281e+02
2.651298029844865596e+02
2.632379917661340869e+02
2.605203600332683322e+02
2.568817999151119125e+02
2.532348102543244295e+02
2.412179033084571245e+02
2.427504491925707555e+02
2.454053065220361987e+02
2.487024231109211314e+02
2.522465780708250804e+02
2.557916057322206029e+02
2.592366190224968818e+02
2.625730616241066855e+02
2.656670327536122045e+02
2.683833685573061985e+02
2.706255922657818473e+02
2.724036078013999713e+02
2.739808342668982277e+02
2.754464236565318060e+02
2.768398878076919800e+02
2.781836493922395448e+02
2.795546439629283668e+02
2.806475302790287856e+02
2.807843966531264641e+02
2.796627038854294938e+02
2.782656798331453274e+02
2.768020422161710030e+02
2.752943057675940395e+02
2.736987035857080741e+02
2.720087572106818925e+02
2.704249104320434185e+02
2.689573735705915851e+02
2.676027566059065066e+02
2.663336730204526930e+02
2.650989374701680958e+02
2.638070360085872608e+02
2.622564697636640290e+02
2.600497039365609453e+02
2.571420145376489472e+02
2.541287693807089170e+02
2.419772621383646651e+02
2.432708307548996913e+02
2.455240652228027898e+02
2.483526486933565707e+02
2.514373891544592254e+02
2.545738023508889114e+02
2.576713922324439068e+02
2.607291762013916241e+02
2.638213607680558539e+02
2.665991767590271024e+02
2.688588334284841608e+02
2.707393422565235710e+02
2.724521284834102630e+02
2.741122491174151605e+02
2.757939093099161028e+02
2.775550205821335226e+02
2.794067522528445693e+02
2.809796278851069928e+02
2.812720073120782445e+02
2.796440353736148268e+02
2.776603354898474549e+02
2.757249750452097032e+02
2.738767186773793014e+02
2.720665949242597890e+02
2.702843282330654802e+02
2.686285448244876761e+02
2.671187851090594449e+02
2.657504594812850200e+02
2.644881108831552297e+02
2.632977970042729794e+02
2.621697676282700513e+02
2.608825698219134210e+02
2.589721030080119135e+02
2.568440491374209387e+02
2.545702607225327370e+02
2.426513188027587944e+02
2.437335417771153629e+02
2.456290604426609718e+02
2.480325332936520795e+02
2.506872801240420756e+02
2.534227842509834261e+02
2.561551689143310568e+02
2.588685679128059292e+02
2.615864035762676849e+02
2.641144656778154172e+02
2.663950492354707649e+02
2.684508918869544800e+02
2.703503204844851098e+02
2.722621444199683651e+02
2.743230491915811058e+02
2.766173116453844045e+02
2.791201301365363179e+02
2.813442526566105926e+02
2.818201709425258059e+02
2.795530468584807409e+02
2.767916791044179945e+02
2.742446649203593552e+02
2.719989267429980941e+02
2.699869306661110500e+02
2.681569769544134942e+02
2.665244504440671562e+02
2.650386421480011450e+02
2.637287399176564122e+02
2.625340766701150415e+02
2.614405620606787011e+02
2.604222879579160121e+02
2.594055387979842067e+02
2.580673190831503234e+02
2.565131872690359387e+02
2.549072696767976538e+02
2.432514363845608614e+02
2.441485437598491330e+02
2.457285373185666231e+02
2.477508071045875226e+02
2.500100956113784321e+02
2.523643199116988569e+02
2.547352851978090769e+02
2.570941206881280436e+02
2.594366187321025450e+02
2.617320617725208649e+02
2.636749010261098078e+02
2.656772203591812627e+02
2.678185866692500667e+02
2.699645087766779170e+02
2.724458783027406525e+02
2.753624961764516570e+02
2.786969864788578093e+02
2.817681039709046331e+02
2.824706156415522287e+02
2.794612721322172320e+02
2.757532221823909140e+02
2.724935279438071802e+02
2.698506516916851297e+02
2.677026858682967259e+02
2.658758803572359284e+02
2.643734378847100857e+02
2.630571139726014280e+02
2.618914415891808858e+02
2.608623680523906501e+02
2.599334474576012326e+02
2.591265659239166439e+02
2.583197151760613792e+02
2.573612409523840938e+02
2.562589719362960068e+02
2.551728724388176772e+02
2.437907519345916398e+02
2.445274150201860266e+02
2.458321123079572601e+02
2.475171091901663658e+02
2.494197639270528839e+02
2.514229602018265837e+02
2.534561824524137421e+02
2.554858408315135705e+02
2.575036195308235847e+02
2.595385828508677832e+02
2.614294089204968827e+02
2.632681096970179055e+02
2.651053158144210897e+02
2.672884061050203854e+02
2.701949959631307934e+02
2.737780710511109987e+02
2.781327112247690252e+02
2.822730155189993866e+02
2.832473631461793957e+02
2.794537760393974963e+02
2.746645548143434326e+02
2.706242080667655614e+02
2.676438692515245066e+02
2.655073618766191430e+02
2.638789088370868967e+02
2.625571344009601944e+02
2.614409086986975126e+02
2.604743461958178159e+02
2.596088947523094816e+02
2.588403996243030747e+02
2.582053090376492150e+02
2.575581808490252911e+02
2.568535099454977626e+02
2.560915400526963026e+02
2.553882986017412406e+02
2.442868714103633749e+02
2.448861146687863481e+02
2.459535633318322994e+02
2.473445361943677483e+02
2.489319355645146743e+02
2.506212354732754477e+02
2.523521538944212352e+02
2.540933050862997788e+02
2.558359508375583289e+02
2.575866070806280277e+02
2.592779298787619950e+02
2.609171531429117294e+02
2.626922242299285699e+02
2.649115671715824760e+02
2.678971897085976934e+02
2.719879827966252037e+02
2.774856359870108236e+02
2.828948844890686587e+02
2.841759062855405773e+02
2.796814236252248520e+02
2.738580661225158224e+02
2.691953755454860016e+02
2.659978863363310779e+02
2.638600796630004197e+02
2.623564678670340982e+02
2.612063030106324959e+02
2.602754319432566490e+02
2.594728006171512789e+02
2.587563049103860067e+02
2.581181531500499773e+02
2.575982645148740176e+02
2.570681845144083013e+02
2.565378893761946983e+02
2.560163477442380326e+02
2.555789025105043208e+02
2.447660962709519481e+02
2.452492350441982865e+02
2.461150655848261408e+02
2.472537379636719947e+02
2.485677342971611949e+02
2.499828038555406238e+02
2.514498513821996255e+02
2.529417750187155605e+02
2.544489582676803252e+02
2.559774852448781814e+02
2.575791730900172070e+02
2.592912610676445411e+02
2.612065820724707237e+02
2.635850155855544017e+02
2.667672346716752259e+02
2.711394255781071934e+02
2.771482896130265203e+02
2.837089023354506594e+02
2.855716791745719547e+02
2.806110076568937188e+02
2.740794620532442423e+02
2.687899439376810733e+02
2.651958998444349618e+02
2.629083566358871167e+02
2.613955585580386014e+02
2.603339815904630541e+02
2.595200187588078506e+02
2.588508961908650008e+02
2.582811416371958444e+02
2.577935650726759036e+02
2.573727008374245884e+02
2.569235983320544392e+02
2.564847365519066216e+02
2.560811185141417354e+02
2.557822607366111072e+02
2.452693435500063686e+02
2.456558993296063989e+02
2.463530313719727189e+02
2.472787134506426412e+02
2.483597373620323197e+02
2.495396963225736044e+02
2.507811337918797108e+02
2.520646388927169710e+02
2.533881844038728275e+02
2.547711449732643985e+02
2.562681442732650794e+02
2.579487150317004307e+02
2.599421086654364785e+02
2.625256967378089143e+02
2.661061886708267821e+02
2.712216778476921490e+02
2.783097549849772463e+02
2.855880496246999201e+02
2.880697320281591374e+02
2.833250970022465935e+02
2.762904045030078350e+02
2.701684357207678318e+02
2.657030635638449780e+02
2.627678544779461163e+02
2.610263219253021134e+02
2.599100298707104457e+02
2.591286133736744546e+02
2.585272134583902357e+02
2.580359873841101717e+02
2.576194031602449854e+02
2.572472680511635303e+02
2.568731076753011848e+02
2.565150187403019686e+02
2.562048912256674953e+02
2.559959294827547751e+02
2.458589970245003826e+02
2.461665446752716662e+02
2.467247871428568828e+02
2.474734454905511143e+02
2.483587598231605682e+02
2.493393346600610982e+02
2.503884747297991566e+02
2.514948290934776196e+02
2.526635463215190782e+02
2.539203415422742864e+02
2.553198548348881616e+02
2.569534175080975160e+02
2.589912790863186274e+02
2.617606570843669260e+02
2.657454049799155200e+02
2.715625472044317803e+02
2.794553719382851114e+02
2.874812458078678787e+02
2.903579263957765875e+02
2.854341928360473730e+02
2.779230884943761453e+02
2.713558660994614797e+02
2.665570908894063109e+02
2.632774120640893329e+02
2.611982710321441914e+02
2.599462844891735358e+02
2.591228158554220045e+02
2.585219304316380544e+02
2.580475777979602867e+02
2.576514031913376357e+02
2.573024149377398544e+02
2.569673457656550681e+02
2.566604425830626610e+02
2.564191658523017736e+02
2.562696146280561038e+02
2.466240706416537307e+02
2.468680234608741841e+02
2.473136117426653584e+02
2.479170228459523173e+02
2.486394094192645525e+02
2.494512102915077776e+02
2.503346818374692191e+02
2.512857632753131440e+02
2.523163675794882010e+02
2.534577874679671083e+02
2.547672497695249945e+02
2.563490302600668542e+02
2.583994418681103298e+02
2.612851234031176091e+02
2.655698449021736565e+02
2.719287433970681036e+02
2.805581372271582268e+02
2.893783180137870090e+02
2.926403115092128928e+02
2.872798067573199319e+02
2.792480719267684890e+02
2.723855360109425305e+02
2.674507897951096425e+02
2.641204663590451105e+02
2.619589393520901695e+02
2.605727374627397808e+02
2.596364385364821601e+02
2.589594148839196919e+02
2.584337540176506991e+02
2.579986283766951374e+02
2.576168407903267621e+02
2.572667302224944024e+02
2.569707286808996969e+02
2.567830010853678004e+02
2.566743902361574214e+02
2.476783577402299841e+02
2.478718252042916106e+02
2.482271806157964420e+02
2.487126130899964949e+02
2.493000594561144965e+02
2.499684310331480788e+02
2.507065001643510129e+02
2.515164810528995361e+02
2.524187168869833044e+02
2.534546122051500276e+02
2.546835204065255027e+02
2.562151271398371364e+02
2.582556559218463121e+02
2.611977196525378417e+02
2.656927517468957944e+02
2.724994352888874118e+02
2.818576972081930307e+02
2.915219552068448934e+02
2.950846212946800620e+02
2.890673187452807724e+02
2.804503313950908137e+02
2.733564013381645736e+02
2.683820114861619572e+02
2.650289391828442831e+02
2.628197070236120680e+02
2.613567326451741337e+02
2.603491386592818913e+02
2.596138568477640547e+02
2.590415195684989840e+02
2.585688561111014110e+02
2.581601467210655301e+02
2.577995936415887286e+02
2.575053193787807686e+02
2.573757531698092862e+02
2.572930485099892621e+02
2.491437876213426250e+02
2.492978199752107287e+02
2.495821653626270802e+02
2.499735182142858889e+02
2.504510948913361119e+02
2.509988772581024250e+02
2.516087359994936321e+02
2.522866368758258204e+02
2.530644303592042661e+02
2.540090827924316841e+02
2.551787122442023588e+02
2.566871052808520517e+02
2.587356426712441362e+02
2.617481350312050381e+02
2.664567402240009528e+02
2.737210081439538953e+02
2.838283882892726524e+02
2.942806537075722986e+02
2.978950580779885513e+02
2.910454556942507907e+02
2.818055200255589057e+02
2.745010118272237492e+02
2.695412290640560400e+02
2.661717989913017846e+02
2.639290002761476330e+02
2.624164660460183995e+02
2.613570242684674554e+02
2.605727400590425873e+02
2.599558165672648329e+02
2.594451746572895559e+02
2.590100483970514915e+02
2.586407756066390675e+02
2.583531068314957224e+02
2.582408517589699954e+02
2.581699833963709807e+02
2.511117743897520427e+02
2.512364206913657085e+02
2.514681360625605748e+02
2.517897294312574843e+02
2.521851839292316697e+02
2.526407247325992103e+02
2.531468302557203174e+02
2.537054761641363996e+02
2.543563068841147583e+02
2.552336741444442794e+02
2.563835358381138008e+02
2.579517891012156952e+02
2.601182057912773757e+02
2.633736359831631262e+02
2.685189242787169519e+02
2.764473163475601041e+02
2.873703051154691934e+02
2.983379524998425723e+02
3.014218331373875799e+02
2.937331135080864897e+02
2.838829453042710611e+02
2.762499161102051630e+02
2.712155451706510689e+02
2.677489344131070084e+02
2.654535824567900022e+02
2.638832213664858273e+02
2.627729225367061190e+02
2.619389194926728237e+02
2.612733014496440660e+02
2.607193714419399271e+02
2.602550268814004539e+02
2.598761836167334422e+02
2.595984463248717020e+02
2.594639198481414724e+02
2.593965949262742470e+02
2.535829947448072517e+02
2.536894597323718585e+02
2.538910394770771575e+02
2.541747769380604609e+02
2.545279300705657590e+02
2.549385790910573917e+02
2.553948330340808468e+02
2.558836069468898984e+02
2.564127943840065882e+02
2.572330632273396418e+02
2.583884870885235614e+02
2.601135129887340440e+02
2.627499365231830666e+02
2.667795867006429376e+02
2.730010082376468290e+02
2.822264061463681628e+02
2.943431060370523369e+02
3.053541085189799560e+02
3.066571233860275925e+02
2.985947815938582153e+02
2.880792903914026510e+02
2.794469602650667071e+02
2.734705273135552375e+02
2.698537793171578869e+02
2.675537069955946663e+02
2.658717688930744885e+02
2.647026886374344485e+02
2.638098894458473751e+02
2.630837245202474719e+02
2.624740907085886192e+02
2.619744698936283385e+02
2.615821847444277637e+02
2.613032657388172311e+02
2.611476783922199729e+02
2.610749054694661027e+02
2.564033342841251510e+02
2.564961988439067113e+02
2.566740891108541973e+02
2.569281274907742727e+02
2.572504744435707380e+02
2.576365668298835203e+02
2.580883896594709768e+02
2.586177777050359055e+02
2.592188692088507764e+02
2.600074462833960069e+02
2.611494077726976570e+02
2.628695999730008452e+02
2.656186156445967868e+02
2.699135034065246828e+02
2.765477944568489193e+02
2.865121581225079694e+02
2.998647914252784972e+02
3.116593030605558283e+02
3.113968070031842785e+02
3.027360090102498589e+02
2.914931541242820572e+02
2.827322855887798028e+02
2.766588531210526867e+02
2.726747628395783636e+02
2.700841221037947548e+02
2.684080079858495651e+02
2.672149943197652533e+02
2.662447530794757995e+02
2.654346801053272316e+02
2.647493682076872688e+02
2.642116099089774366e+02
2.638065900226062013e+02
2.635239823969595818e+02
2.633556977427918468e+02
2.632766981063614935e+02
2.595277062795776146e+02
2.596107356391336225e+02
2.597710994104288034e+02
2.600029329879151305e+02
2.603019491841535000e+02
2.606674172340507312e+02
2.611040883227446443e+02
2.616223575006548572e+02
2.622357242664547812e+02
2.630285927672121602e+02
2.641614445421327559e+02
2.658756610208745315e+02
2.685803151269282694e+02
2.728350265445744185e+02
2.794977404347790184e+02
2.898763166355399221e+02
3.047627702193988171e+02
3.178062147260701522e+02
3.156834064867848610e+02
3.060443889634423726e+02
2.940907199079338739e+02
2.853905363629758654e+02
2.795237468432450783e+02
2.756483953464081083e+02
2.731201155516490076e+02
2.715048621620974245e+02
2.702578389804245376e+02
2.691349975393654290e+02
2.682344033181951204e+02
2.674955215635785066e+02
2.669440356387607949e+02
2.665422915723586357e+02
2.662645113104265420e+02
2.660938738034333824e+02
2.660123515721634817e+02
2.628688643929024806e+02
2.629461837864467384e+02
2.630962134937778387e+02
2.633146844014893304e+02
2.635990108644219276e+02
2.639497904199048435e+02
2.643721819328515608e+02
2.648774932842244993e+02
2.654907226014981347e+02
2.662874614547247916e+02
2.674122978687692580e+02
2.690947787316088124e+02
2.717022230321121583e+02
2.757923324292483471e+02
2.822773420491388379e+02
2.927848312445192960e+02
3.098485924435845504e+02
3.230629546383530624e+02
3.195161127745897716e+02
3.085689651890451728e+02
2.963329494672598798e+02
2.879648428909424638e+02
2.824100542051853608e+02
2.787097137598391328e+02
2.762348740142043653e+02
2.745082618035359587e+02
2.731708574027500163e+02
2.720885989366942113e+02
2.712033610733619753e+02
2.705722242197387004e+02
2.700790290864998155e+02
2.697065980506990286e+02
2.694435532573808132e+02
2.692778678303198490e+02
2.691973088759370967e+02
5.288003521077078767e+06
5.321707070974403992e+06
5.349372135625871830e+06
5.332435026308098808e+06
5.302169569557690062e+06
4.973123843851298094e+06
5.203736842923074029e+06
5.164299368135739118e+06
4.852511308554272167e+06
4.798719112495833077e+06
4.943658303669776767e+06
5.132209237501730211e+06
5.102194259264224209e+06
4.808673364288148470e+06
4.735323567691120319e+06
4.921598680474892259e+06
5.085026344087632373e+06
5.058416769091228023e+06
4.783755938321132213e+06
4.701718839887280948e+06
4.902745120076997206e+06
5.049539323039421812e+06
5.023419089881662279e+06
4.757519103714366443e+06
4.671388006181539036e+06
4.888859963991921395e+06
5.022527647132311016e+06
4.995537961557559669e+06
4.745951371174237691e+06
4.646062357632105239e+06
4.874497658678255975e+06
4.998868690949907526e+06
4.975798708751190454e+06
4.729775559559987858e+06
4.622256957986519672e+06
4.858763852127613500e+06
4.974265266932064667e+06
4.943373699420644902e+06
4.699818857564941980e+06
4.595125088438631035e+06
4.846795594451840036e+06
4.947830239213296212e+06
4.898898443318303674e+06
4.685264230524114333e+06
4.572271926031504758e+06
4.833294434544733725e+06
4.920836899236737750e+06
4.857152745010823943e+06
4.676317255581048317e+06
4.554009868327447213e+06
4.819590161189093255e+06
4.893650534622948617e+06
4.816138240167269483e+06
4.654916582512383349e+06
4.535516395733904094e+06
4.805885244649373926e+06
4.866270840115433559e+06
4.771450978466087021e+06
4.623102895115625113e+06
4.515033106698647141e+06
4.799656308155487292e+06
4.838314401715558022e+06
4.720517638355109841e+06
4.589092323991026729e+06
4.496667948244508356e+06
4.791723763494738378e+06
4.808903687737274915e+06
4.662446754262761213e+06
4.556035991422128864e+06
4.477848686189131811e+06
4.780563149122975767e+06
4.777895786653622054e+06
4.597955549130907282e+06
4.522800220172170550e+06
4.454335062415784225e+06
4.765728973951477557e+06
4.745753777782051824e+06
4.528937640034167096e+06
4.489962484019801952e+06
4.438748915868632495e+06
4.757903298204253428e+06
4.712146213144863956e+06
4.458061833738288842e+06
4.457018009012741037e+06
4.419665053984043188e+06
4.750308441157090478e+06
4.676040871328740381e+06
4.388046192532121204e+06
4.423963353787478991e+06
4.398313545304840431e+06
4.734065542896473780e+06
4.636767094672033563e+06
4.320616041447229683e+06
4.390716196636965498e+06
4.382024056563003920e+06
4.719508995949978009e+06
4.594829912910038605e+06
4.255272638652372174e+06
4.356365653473143466e+06
4.363227371723261662e+06
4.704218457144026645e+06
4.550083391645715572e+06
4.187857773537530098e+06
4.321609825041828677e+06
4.349315417139725760e+06
4.696174211183750071e+06
4.503708080224115402e+06
4.122465603911750019e+06
4.286536893334106542e+06
4.333156192004907876e+06
4.680869391899657436e+06
4.455798420435880311e+06
4.064433116136194207e+06
4.250580635357700288e+06
4.320851814774603583e+06
4.658108889645184390e+06
4.406396966136862524e+06
4.009735230002952740e+06
4.215858799543567002e+06
4.325371210724421777e+06
4.628353831517702900e+06
4.355653715374975465e+06
3.953493314492553007e+06
4.183564534885812551e+06
4.295312849350281060e+06
1.112500887445785571e+06
1.174549926106805447e+06
1.166911898107268615e+06
1.120852622529050801e+06
1.083326824184858473e+06
1.112405699160374701e+06
1.232740743743389146e+06
1.215532436713737901e+06
1.122332691477922257e+06
1.084585820990279317e+06
1.112345129645060282e+06
1.243310071763890795e+06
1.257073065653022612e+06
1.125065021410241723e+06
1.085868591979143443e+06
1.112274495551610598e+06
1.242613740239862818e+06
1.276199632067287341e+06
1.130297320125763072e+06
1.087094859381496441e+06
1.112197291790745687e+06
1.239468734225347172e+06
1.290873312876799610e+06
1.135950562155677006e+06
1.088262060085196979e+06
1.112109748523918213e+06
1.237183409660179866e+06
1.301641992452256847e+06
1.164300698038417147e+06
1.089374465070989681e+06
1.112010620893224841e+06
1.238679150738531258e+06
1.312590767110017594e+06
1.207854978629316203e+06
1.090434978517126990e+06
1.111902681438329630e+06
1.242300478829609463e+06
1.339446287990677869e+06
1.240680377697672928e+06
1.091445949834498344e+06
1.111781104580289451e+06
1.244758283967597177e+06
1.377031888833097415e+06
1.256533719332808629e+06
1.092412461026291363e+06
1.111654077915623551e+06
1.245617946306495229e+06
1.414050602613205556e+06
1.283392186862429837e+06
1.093337405635831179e+06
1.111525708317867015e+06
1.245891256194675341e+06
1.455096842091252562e+06
1.330913105531456880e+06
1.094223149557110388e+06
1.111394827022351325e+06
1.246678531405487796e+06
1.502557964734582463e+06
1.386625058903862257e+06
1.095072248140448239e+06
1.111229849413749762e+06
1.249080185614470160e+06
1.557564750340303406e+06
1.435253573022970464e+06
1.095886763836088590e+06
1.111044700963791227e+06
1.253633684832988773e+06
1.618782757948019542e+06
1.474480704252517782e+06
1.096668567767030094e+06
1.110859690800697310e+06
1.260100804647497367e+06
1.682998521331413183e+06
1.512394965880649630e+06
1.097419349811191903e+06
1.110690575655838940e+06
1.269058648760587675e+06
1.746067363457702566e+06
1.547097734890582738e+06
1.098141647228679154e+06
1.110491223122034920e+06
1.281677397594642825e+06
1.803997629052308854e+06
1.578951364711785223e+06
1.098838387813460547e+06
1.110264365372798406e+06
1.298748726554924622e+06
1.854267818822356407e+06
1.609467564600694692e+06
1.099510575419047615e+06
1.110050348420890979e+06
1.320628429229778238e+06
1.897070225478763925e+06
1.639194805237767054e+06
1.100188153558732942e+06
1.109830797000487335e+06
1.347656548310969258e+06
1.934308363130013458e+06
1.667469424777142704e+06
1.100941961100075627e+06
1.109612899563107174e+06
1.377886215180019848e+06
1.964608463742987951e+06
1.690130033695829799e+06
1.101845701451698318e+06
1.109342276929450454e+06
1.409979137488286477e+06
1.984691459997200873e+06
1.707449966294822749e+06
1.103953263650866225e+06
1.109057827062095515e+06
1.443673553365824977e+06
2.001960105591454078e+06
1.719906323564568069e+06
1.111471422304224456e+06
1.108790228581915610e+06
1.478741110876337858e+06
2.023685644252960337e+06
1.729910747762079816e+06
1.174173709179961123e+06
1.108558850823509507e+06
1.515017904564247932e+06
2.047573545901054051e+06
1.737871693541530985e+06
1.252492545666317455e+06
