2.444133855536515512e+02
2.563436444760106951e+02
2.548529273613986845e+02
2.507728319033154207e+02
2.485506958177650176e+02
2.519746548224603373e+02
2.376868086076450481e+02
2.683903165141063027e+02
2.730384268800268615e+02
2.662186057096188847e+02
2.570858587454481494e+02
2.570917265650329000e+02
2.063446145161297238e+02
2.673482596660206241e+02
2.797334179170928223e+02
2.815561783137576413e+02
2.859035823218945325e+02
2.976617360344641838e+02
1.891393668501603997e+02
2.583502964004482578e+02
2.742108790377645278e+02
2.680829834291292286e+02
2.621036971454168452e+02
2.665333313916436850e+02
1.803633804906492628e+02
2.512577290285002789e+02
2.663735183446561336e+02
2.599265232439536248e+02
2.573178387488986232e+02
2.601241096079793920e+02
5.288003521077078767e+06
5.321707070974403992e+06
5.349372135625871830e+06
5.332435026308098808e+06
5.302169569557690062e+06
4.921598680474892259e+06
5.085026344087632373e+06
5.058416769091228023e+06
4.783755938321132213e+06
4.701718839887280948e+06
4.874497658678255975e+06
4.998868690949907526e+06
4.975798708751190454e+06
4.729775559559987858e+06
4.622256957986519672e+06
4.833294434544733725e+06
4.920836899236737750e+06
4.857152745010823943e+06
4.676317255581048317e+06
4.554009868327447213e+06
4.799656308155487292e+06
4.838314401715558022e+06
4.720517638355109841e+06
4.589092323991026729e+06
4.496667948244508356e+06
1.112500887445785571e+06
1.174549926106805447e+06
1.166911898107268615e+06
1.120852622529050801e+06
1.083326824184858473e+06
1.112274495551610598e+06
1.242613740239862818e+06
1.276199632067287341e+06
1.130297320125763072e+06
1.087094859381496441e+06
1.112010620893224841e+06
1.238679150738531258e+06
1.312590767110017594e+06
1.207854978629316203e+06
1.090434978517126990e+06
1.111654077915623551e+06
1.245617946306495229e+06
1.414050602613205556e+06
1.283392186862429837e+06
1.093337405635831179e+06
1.111229849413749762e+06
1.249080185614470160e+06
1.557564750340303406e+06
1.435253573022970464e+06
1.095886763836088590e+06
