2.308571052706092246e+02
2.670270766383283672e+02
2.717925309270426055e+02
2.270390858727392640e+02
2.523478420804664779e+02
2.783920661109717685e+02
2.705592083055728381e+02
2.848278620771671967e+02
2.835780708304843643e+02
2.491895624070818371e+02
2.686303032877644341e+02
2.502011225476179845e+02
2.020833936990289601e+02
2.784741529529403579e+02
2.695842893371668083e+02
2.759558742575779888e+02
3.143515487019759576e+02
3.087254966887659862e+02
1.651819217943844365e+02
2.475364539653135409e+02
2.603757983850754272e+02
2.598032044035105628e+02
2.621476941543381258e+02
2.537263115279545787e+02
1.978291609302405902e+02
2.526853218202762719e+02
2.508804535795278525e+02
2.486028939590217419e+02
2.749373780423743483e+02
2.537766464051240405e+02
5.457916473859999329e+06
5.805919021080950275e+06
5.111010506143094972e+06
5.041453849610071629e+06
5.371462603622499853e+06
4.907274548617246561e+06
5.389324985866490752e+06
5.333123689215439372e+06
4.831038031829446554e+06
4.944616464746809565e+06
4.870924372281801887e+06
5.741058975650934502e+06
5.350129916843688115e+06
4.763536691908664070e+06
5.376326569227402098e+06
4.950106753589389846e+06
5.226644702333615161e+06
4.703388754514988512e+06
4.449758262151453644e+06
5.084028812088187784e+06
4.763556331904225051e+06
4.651783134498747066e+06
4.586842098696381785e+06
4.880095614879439585e+06
4.434889802916613407e+06
1.057089498142553493e+06
9.904741310822091764e+05
1.119540749426888302e+06
1.153152718614054844e+06
1.058308018304727506e+06
1.076826740722907241e+06
1.420390537691660924e+06
1.337319570375318639e+06
1.104491627332405420e+06
1.142908807489994913e+06
1.050686828773302492e+06
1.300504505868189968e+06
1.449301856540489709e+06
1.204260454226043774e+06
1.205003116091723321e+06
1.090996452805582667e+06
1.155697571554701077e+06
1.403243366265063174e+06
1.279096369481620612e+06
1.171706177322854521e+06
1.131868271675921278e+06
1.205707928441206692e+06
1.534403205164867919e+06
1.443059609892874258e+06
1.143811193084754050e+06
