1.749454741305179306e+00
-2.860729968162941672e-01
-4.845651322211442791e-01
-2.653318559261478971e+00
-8.284629372935840147e-03
-3.196313637642982375e-01
-5.366293622347300118e-01
3.154026684256969193e-01
4.210507162554784633e-01
-1.065602980448833614e+00
-8.862396699554729862e-01
-4.757334926833952093e-01
6.896823102014212337e-01
5.611921760332810871e-01
-1.305548509780580568e+00
-1.119475261599618854e+00
7.368373912295207440e-01
1.574634073104283605e+00
-3.107508846786003961e-02
-6.834466274652374329e-01
1.095629698519444917e+00
-3.095766372206619765e-01
7.257522247990231268e-01
1.549071633371786882e+00
6.300798224934150982e-01
7.349323700188943598e-02
7.322713538852552162e-01
-6.425753924333544864e-01
-1.780931753124300743e-01
-5.739545594102068993e-01
-2.043753156621720413e-01
-4.864951001088206883e-01
-1.857753239590082817e-01
-3.805364167586770541e-01
8.897763532229049921e-02
6.367166142477785618e-02
2.963471080942804425e-01
1.402771119483854134e+00
-1.546862567602385274e+00
1.295618584802650464e+00
-2.372504457468327110e-01
-1.232346206602271454e+00
-1.724197671774095053e-01
9.183837492938326519e-02
1.067558457047785403e+00
-1.061634448271833175e+00
2.173482079722170168e-01
1.178195043534261410e-01
-1.684110892963329942e+00
-1.185755265350564747e+00
6.001020056275471193e-01
6.955672553748646347e-01
1.087710860096860355e+00
5.338217156453107792e-01
3.952120129351583966e-01
1.228675293626039500e-01
1.209101642093341589e+00
-8.430661010803196520e-01
-1.418935810162120781e-01
3.853541380984868980e-01
-1.577494308591619765e+00
1.310943640215075368e+00
-7.928650077765562187e-01
-7.174941217099023438e-02
2.156674425806778927e+00
-8.294372522768852507e-01
-5.293720276479461084e-01
1.561703693650411395e+00
-1.080193825197285129e+00
-4.320576187374963739e-01
5.160840373349699917e-01
4.553928602858066665e-01
5.936862029814543584e-01
3.705063342867460086e-01
1.345378071848753576e+00
1.015942146386064726e+00
5.952784540779213485e-01
-6.828016163681212003e-01
-7.135599294040992913e-01
-1.908289541690174618e+00
6.873123485844094827e-01
-1.823009583523666155e+00
8.791137997169071738e-01
1.846364872931706147e+00
-1.061654403788446333e+00
-6.844846684032198647e-01
-4.762144798666494983e-01
8.303104295602716789e-01
-8.633525162339086290e-01
-1.305414670777352293e-01
-5.230876326157433143e-01
-2.512769243546814635e-01
1.291274728423299267e+00
-9.642048531813225409e-01
7.175977417228958377e-02
2.716062961564011391e-01
8.586671738730903281e-01
-1.264073679043494547e+00
1.114870284956331670e+00
4.347769867076098360e-01
8.742727658458852025e-01
7.165210025884777290e-02
-1.639051626739226553e+00
-6.473026312724075026e-01
8.177695662661594866e-01
3.679475399862954660e-02
-4.870254236748754878e-02
1.791531096599381589e+00
2.201856313804124277e+00
-3.706690441882626308e-02
1.932905428474488652e+00
-1.993571531325756263e+00
-2.049057260469189679e+00
8.670552083195185444e-01
-2.619610732048578416e-01
5.789711070908104551e-01
5.165523855469866810e-01
-8.940364049732400786e-02
6.821297104769011854e-01
1.507220091744645996e-01
-1.532142522312692323e+00
2.188685774002774587e-01
1.856632544475101954e-01
1.832776536801210998e+00
-1.128894401313134566e+00
1.699688084106282943e-02
-4.244288249457298656e-01
-1.329098991111514749e-01
1.659204617696406592e+00
3.786406842289672947e-01
-4.645660624836016050e-01
1.538412450348623783e-01
7.661606204038455825e-01
-9.940276932279378252e-01
-2.643423287538949618e-01
1.542209220340808207e+00
8.561520456896010156e-01
-4.480261697554768080e-02
-4.774892289796010547e-01
-1.540655244375878918e-01
-1.551079461180945973e+00
9.430359810936154163e-01
3.411534385103638378e-01
1.382732173179389568e-01
-1.297422617524532251e+00
-7.149624441521972296e-01
5.144796332603410738e-01
2.577163810737391758e-01
-4.967304772912817801e-01
5.050219167601375236e-01
9.387831252206129129e-01
-6.750202746791515995e-01
-5.308582401032516662e-01
-8.698619435111537568e-01
-1.155264224816702434e+00
7.966718469286511173e-01
5.100280218356304518e-01
3.387139364881360248e-01
-1.172120034536093813e+00
-1.045967654733779950e+00
-6.766856427610772051e-02
-4.132097533566655434e-01
1.200827996112157486e-01
-6.989716862752283211e-01
6.540248821005669733e-01
1.799480074142485897e+00
1.546606095113311152e+00
1.609873984942154834e+00
7.101978026951258349e-02
9.215752313894308712e-01
-3.768298425513719185e-01
9.199825431401579268e-01
-3.784225542761414651e-01
-4.889754351752956807e-01
-6.443938169659628734e-01
6.991408368712346277e-01
2.754066575101002390e-01
1.863253406805225887e-01
-1.139805652239069822e+00
1.418048905319254371e-01
-1.440719353567159855e+00
1.476512824210641783e+00
-1.315534833073036536e-01
1.944292017240612236e-01
-1.051492531914664519e-01
-1.583962579115280045e+00
-1.371773685574232182e+00
-2.831833824484874043e-02
1.492471499441455185e+00
-1.115237216093847072e+00
-7.054140258656812490e-01
-4.723257451028198967e-02
-1.687280607458939929e+00
-1.697342115157223441e+00
-4.114539422574147731e-01
-4.527514308732324966e-02
-3.911731326667028941e-01
1.534222349917794492e+00
-1.641929473234582382e-01
3.603666531546502183e-01
1.598049900832005932e+00
1.703721823137149149e+00
-1.589519894124525878e+00
-3.772465169053117462e-01
1.162505509596971409e+00
-1.378858707337266454e+00
-9.239956798160826601e-01
-1.297513389877516188e+00
-1.361934227923987439e+00
-1.134185370068291787e+00
1.768427518464875392e-01
1.268925515478545485e+00
1.528022876960116960e+00
1.188798343190157134e-02
-1.970571886645922310e+00
-5.663258522179935583e-02
-3.392024150506552371e-01
3.523211224797322960e-01
-1.284131122416476423e-01
-1.796113095708925522e+00
4.132834460077677297e-01
-2.067835436740218302e+00
-6.901112142699996621e-01
3.117507136360445630e-01
3.503665668935228017e-01
1.571348005959679828e+00
-2.362413593147893565e+00
3.399842089938954204e-01
6.893803454831338717e-01
-3.272141366796007533e-01
6.380315243743446274e-01
-1.101998630921612987e+00
6.570275801381806335e-01
5.382152468459796557e-01
-9.816296537245311482e-01
-6.666398131837341090e-01
-1.898239357991444720e-01
-6.560853533913438840e-01
1.044397082169991497e+00
1.751674659211665264e-01
1.314733331252600390e+00
1.175249566843257210e+00
6.084701178083930240e-02
-1.931045790495699022e-01
-9.466556551049499779e-01
-8.046106244538854257e-01
-8.011911181233687396e-01
3.478505379307533785e-01
-8.836658154262849729e-01
7.865828174487608793e-02
1.925891282336342214e-01
-4.962343099179056805e-01
-1.862245443976096870e-01
1.445369908370101264e+00
1.611981520181440697e+00
-7.826330245910187999e-01
-1.946134441463656384e-01
-3.721320474693785019e-01
-2.757665452852371968e-01
1.535137835882257162e+00
6.864546383839902344e-01
1.259915715903743960e+00
1.776879488082449887e+00
-4.403135001402641580e-01
-1.872072701578969267e-01
4.040658264223304791e-02
1.026036481045498716e+00
-9.099780713721902781e-02
6.457863258996706657e-01
1.168308636980842863e+00
1.163230321012619140e+00
4.466788914116730513e-01
-7.887154278616200775e-01
-1.554102098134734211e+00
1.121633081357776396e+00
4.565999372010111079e-01
-9.374758818319200993e-01
-5.050761779729077139e-01
-4.488004989145703560e-01
-1.674949001207113319e+00
2.515460937437628552e-01
-7.870391389430392293e-01
-2.944067332377958146e-01
7.397007056320223928e-01
-9.563590529014849573e-02
5.430531953495163489e-01
4.223852387194463320e-01
3.166912697607088961e-02
4.883097621970391294e-02
1.861613356250623630e+00
-1.706758926166885015e-01
1.627672044485904079e+00
-9.140007031345446231e-01
7.294006921678696242e-01
1.709054274932762796e-01
-7.292544365305464460e-01
-2.647464525562265081e+00
1.594924714744880623e+00
-1.155204047708842996e+00
-9.630540509109829506e-01
1.296300122955590939e-01
5.713914329868756414e-02
2.787961144099336264e-01
-2.540781422862164463e-01
-1.499615828151045660e+00
8.670126209661473959e-01
-9.046867816509580607e-01
2.232899860178604867e-01
5.744411328094213287e-01
1.182225227485869556e+00
-2.179034105745039918e-01
-3.054390592469231058e-01
-2.333119185894999559e-01
-1.848585189387051519e+00
-7.548163579788723654e-01
-1.004384039192500522e+00
-1.149863042964727189e+00
1.676933905380507961e-01
-3.114882545576136974e-01
1.596265039677031705e+00
1.488958881676849089e+00
-1.882448833635241181e+00
1.225792161725515472e-01
-1.001164481502024861e+00
5.561905345956872360e-01
1.581197547292332861e-01
9.305168352790644803e-01
3.108328132118882703e-01
7.612064864087909610e-01
-2.985706020429687579e-01
-2.508093277899750451e+00
-1.185082832286840970e+00
-8.549320646325130335e-01
-4.901495526084476140e-01
-1.012162446469123012e+00
1.633181366256291733e+00
-1.681564227375005327e-01
1.296050864808836245e+00
-3.382731943741905112e-01
1.654269109790795333e+00
-1.200276742788578765e+00
5.996606397728094784e-01
-1.329964196290143619e+00
4.420576690486375249e-01
1.586704448350609198e+00
-1.633994580498201454e+00
-8.719775981241689733e-01
2.452447856502111556e-01
-1.859278763957235014e-01
-1.369044000750571310e+00
1.156688963118345681e+00
5.231493016737878698e-02
1.293550788593936574e+00
3.186222562782197176e-01
-1.153398304579039024e+00
-4.812419366490137684e-01
1.382098723642077198e+00
-1.385858254068662143e+00
-4.657971602848702264e-01
6.006247234704005233e-01
1.015026467336045179e+00
8.273610894383676140e-01
-1.474202683457778607e+00
2.086377719801813413e+00
-1.646675212963980006e-01
1.223565369351350789e-02
-3.009079094021410022e-03
-2.319508436127785400e-01
-9.670981468987874807e-01
-3.269602794870085094e-01
1.322341759057493293e+00
-1.362145500742708126e+00
-2.432254106734603294e+00
5.349728872363971321e-01
3.376592166371595871e-01
7.278632039532988429e-01
1.727190551174437427e+00
-7.252909547969476067e-01
1.771621843058545365e-01
5.025693314840128378e-01
1.231624180190663109e+00
1.025922920512372993e+00
-8.430087070022650453e-01
-1.377503756432317150e+00
-2.726800001122070549e-01
-1.612869238202514488e+00
1.109545116224171624e+00
-3.947895022302747581e-01
-3.561119747222478704e-01
-8.899950964908588391e-01
1.523543021033990641e+00
2.878543036575712533e-01
-4.123389161898138311e-01
6.114326014426704203e-01
-8.547589248079939805e-02
5.934978736177408676e-01
1.318811362469246795e+00
-2.648842620253545888e-01
5.121361702588695941e-01
4.778856293835188618e-01
1.134188985730065546e+00
5.943438085967099882e-01
3.228426080317781804e-02
-6.428875586317253088e-01
2.946655495263297286e-01
-1.046380458207044173e+00
6.544630564160459629e-01
5.937127538516256964e-02
5.488950146548157161e-01
-5.198492743759167700e-01
-8.018870695251510972e-01
-9.135165529367315074e-01
1.106695446595586052e+00
-2.190765250240382378e-01
-2.303315038691209626e-01
-1.789661214706935732e+00
-5.712151880202023801e-02
-3.460282772379511318e+00
1.362182557562701790e+00
-2.417405141820773429e-01
2.092096441908917678e-02
-1.428653274975484111e+00
-1.095846421313446006e+00
6.046493061596970309e-01
-2.085382799560253353e-01
4.292344162749992531e-01
1.270830122294116737e+00
6.632379015381875131e-01
-1.898941814451221122e+00
-9.844919952707840149e-01
-1.135725714990942770e+00
-9.099644070875699819e-01
-2.080232335160697943e+00
-2.051728368658031876e+00
-7.437912792334547829e-01
-5.979988660535393574e-01
5.163273020490560805e-01
-3.247586012226987839e-01
1.421440113549521156e+00
-1.826905310750217559e+00
-1.391716482529329557e+00
2.493115223663143476e-01
-2.740689222204030218e-01
-9.898275853232872956e-01
7.678562495792151665e-01
1.086876744905113767e+00
1.308711178742095527e+00
-4.007467163490329720e-01
-9.172539285803874010e-03
2.257013842864430131e-01
5.525821938526311039e-02
1.018267344519802498e+00
-4.931939851463892910e-01
3.679713512250670782e-01
-2.212712391321249861e+00
7.528996073450089366e-01
1.637439412056912680e+00
-2.877747156996918187e-02
1.035026304374565109e+00
-1.664157209009976102e+00
-3.352254504536403279e-01
-1.544055449793405366e+00
3.169854966582795752e-01
5.207938112211163428e-01
-1.372705787557372492e+00
-8.486165113359893653e-01
-5.872429029548064117e-01
2.420861286358692244e+00
-7.487924615682946261e-02
1.186956388833654147e-01
3.591678355741132478e-01
2.962310929930621062e-01
-2.406081635347835090e-01
-1.332698644314620928e+00
-6.809726509542255446e-01
1.632992279211522568e+00
2.547511939300091677e-01
-3.737807811926464607e-01
-1.354571002211183650e+00
-5.740840088697935634e-02
3.015097896805574856e-02
-6.541569525778282435e-01
8.904254603373114030e-01
-5.902919701732601832e-01
-1.698003322568727713e-01
8.413625365930940125e-01
2.229255343190593708e-01
1.121561540637910692e+00
-2.305331904204956928e-01
-4.336773368625866376e-01
4.669634585963319262e-01
2.136189753192283547e-01
1.184729158887785516e+00
4.052903159546518697e-01
-2.698715332789663329e-02
4.488737873396244638e-01
6.547235912940474467e-01
-1.121339033226469883e+00
-1.434290753773130589e-01
-3.345723768280466914e-01
1.200170736317002884e+00
-4.851345051917245188e-01
1.063549873920571320e+00
-1.264995461406572375e+00
-5.551860018157366711e-02
1.067165316264796715e+00
-2.608159811410430406e-01
1.152558107947644794e+00
-2.027306396557584822e+00
2.717637484441360121e-02
1.612838951158083456e-01
-1.255051764398918135e-01
-1.508387951626098289e+00
6.661322167459322596e-01
-2.330311725644583554e+00
9.485096786710054406e-01
2.917382069199835337e-01
9.871295114609563992e-01
-2.538809833006542283e-01
-1.110962743990768997e+00
-5.158989506366977729e-01
-4.638175907510861395e-01
5.987090760577601367e-01
-3.110672406462975381e-01
4.153243112870155240e-01
4.851658163929842282e-01
1.422531296697360226e+00
-1.985401226411037001e+00
-4.006742545132483957e-01
6.924757324962480531e-01
6.955409382101949145e-01
-5.528618477034344947e-01
-2.558029832796985259e-01
-8.388176838932417945e-02
1.418511926269447887e-01
-5.509710885535165081e-01
-6.296908994008452165e-01
-1.103914104094553483e+00
-3.652150500576329395e-01
1.401887767158084719e+00
-9.318739862112761507e-01
9.797500209886671474e-01
1.956738822618603324e+00
2.235975061243304085e-01
2.379659723632473689e+00
-1.162837007926912358e-01
1.692062530032887091e+00
-1.939327610951069661e-02
-1.182157200028240096e+00
3.776708866985747370e-01
1.917021216631099589e+00
-5.545299010327263689e-01
5.148750680662232959e-01
-9.592861900950094833e-01
-8.466876956935420750e-01
4.933388497280008500e-01
-1.449535768328610863e-01
6.052901415408611374e-01
1.313640413599182155e+00
-1.135961782060628700e+00
-6.432549359333803451e-01
8.954510225727495276e-02
2.362043087669197572e+00
-2.763924183974376114e-01
-4.326153503435924974e-01
4.889497766473068219e-01
2.160882561288451242e+00
-5.249935076259808486e-01
-2.469794908263024391e-01
1.024651429399594388e-01
8.184884300532779822e-01
2.245448974213813287e+00
-1.179770456202823947e+00
-1.593602900951574197e+00
2.272646608223830300e-01
6.072052264483582817e-01
-2.155825882008319372e+00
-5.366824117186018706e-01
1.038607190241686018e+00
-4.455891157572947070e-01
5.661181976469521482e-01
2.582522028953433968e-01
7.365545516232049339e-01
5.209509932153345568e-01
3.498700817550964293e-01
1.336180954535852061e+00
-4.690466922263756278e-01
2.172302445680382166e-01
1.224087727970167405e+00
-4.634357011637195156e-01
-2.727427020179187811e-01
-6.534212080021893909e-01
-8.385073102641711351e-01
2.123977294678213390e+00
5.729136813720296928e-01
1.979938762868653113e+00
8.364215165975085187e-01
1.819350317485617097e-01
-1.760104848366139119e-01
3.698218460209198311e-01
6.169060002454360148e-02
1.017324453036545728e+00
-7.658603912677838244e-01
2.743856513865320368e-01
5.683574388230692165e-01
-1.247307288520034252e-01
-1.263868227550234424e-01
6.553429319066662595e-01
6.652052153246049704e-01
2.276775555527692837e-03
9.147363353968646082e-02
-4.513813044896336502e-01
6.596045740615001929e-01
-1.714495203162922157e-02
-1.463717286074303292e+00
-2.109197175688959647e-01
7.114760313196580865e-01
3.769130075401124769e-01
-7.933007522685544544e-01
8.246896250134500006e-01
6.928918461074664581e-01
6.942177692584314830e-01
1.607486243810096527e+00
-2.501592469760727799e-01
6.810148236131831068e-01
-1.794299373224378658e-01
1.060102040947836999e+00
1.231425269310313597e+00
5.584382835458655547e-01
8.118959364243596433e-01
-7.439535962643833988e-01
6.863947807841520588e-01
-1.126361266190315291e+00
2.218996271607738713e+00
1.208305044704583109e+00
-1.475665619909009907e+00
-2.609702651632446191e+00
1.343953099375818194e+00
-8.136141067389373038e-01
5.806947191092122207e-01
-1.262642534285475238e+00
1.024696950868788925e-01
-6.162633837506729106e-01
6.245063001608592845e-01
-3.089932560869557698e-01
1.508529041570884077e+00
-7.352500040152868399e-01
1.299854067509287558e+00
3.117727291126067956e-03
5.390821995655273868e-01
-1.574408469716675141e+00
-1.735480462439698890e+00
1.065536429826798859e+00
-1.212719988822601458e+00
-3.264143873443936528e-01
-3.078164883328066703e-01
-8.892780788228974442e-01
2.129646030717696481e-01
-1.399055529570342404e+00
-1.178559620816942655e+00
9.312834568731053198e-01
-7.950580753571345749e-01
7.492094272605284155e-01
6.694638373804616682e-01
1.522592656035220759e+00
4.603110808512396179e-01
-1.825840973695139757e+00
-6.445082786269168418e-01
-4.071491274389218984e-01
1.231536482543788447e+00
3.484343860044765706e-01
-4.849737953488090780e-01
4.374392464602628872e-01
-3.554684410297032637e-01
5.496016866065517315e-01
1.537050763477733339e-01
1.108963598008501750e+00
3.354323847813354131e-01
9.957154728100633401e-01
-1.072815392764660432e-02
7.121312271332165267e-01
-1.516023080451514016e-01
6.437161805859034081e-01
2.240597546595975154e-01
-1.239398093299740322e-01
-4.194786638610341623e-01
-2.737207810909050298e-01
4.735718723052242396e-01
-2.291784780616307859e+00
1.240717672028699869e+00
-2.367419506107528715e+00
-1.896634236835917642e-01
-3.295201632615941678e-01
7.394139507163298708e-01
2.357722271514778034e-01
-4.318744829486907688e-02
8.390376669149313127e-02
9.462474005702079527e-01
2.341055770528707392e+00
3.770661179492936776e-01
-2.059336376957417336e+00
-4.192080487871551742e-01
4.197334409118702592e-01
3.314682351565954033e+00
-7.654231168582233957e-01
-3.720787960976351116e-01
5.592150832496183277e-01
3.232796735289760193e-01
-1.323862873693926856e+00
9.471084228461650323e-01
-1.316069554460398638e+00
-2.665588816673198913e-01
1.324761203721069647e+00
-1.318803977357838830e+00
-3.443894036632463296e-01
1.670113860697606478e+00
-2.605906207193069979e-01
-1.048663403352606549e+00
-5.821582844952923885e-01
8.364654952811214628e-01
-1.569119095821639887e+00
-6.334803246968714330e-01
-1.458943349027628456e+00
-1.158476858379967611e+00
1.287266165432103815e+00
-8.445518299027608700e-02
-4.398438348361247141e-01
4.252123986880801954e-01
-7.157760533350150389e-01
-1.205889715392075123e+00
1.147002384244742768e+00
8.780587547371448975e-01
-8.484079254777002754e-01
7.043679599543727354e-01
1.460168200715735498e+00
4.909509612948868007e-01
5.001611005309491986e-01
-1.244397281701863145e+00
-1.348936958019831545e-01
-1.875363136462387725e+00
1.115042581197002836e+00
-1.747402586700310401e-01
1.325818905408929771e+00
-7.781411787273965208e-01
8.765344469714662079e-01
-1.593694048697156473e+00
-4.091438324159850093e-01
5.465626280964023254e-01
3.557016917596050876e-01
-6.126808238176495447e-02
-1.657832307357232304e+00
1.328210825188932853e+00
6.621517672719703373e-01
1.144718795746748619e+00
1.131625119722718287e+00
-3.804474829527275670e-01
3.927177502101391049e-01
2.662853572716583628e+00
-8.454956524680738994e-01
4.084066864644611550e-01
-5.666922052044577329e-01
1.761752135200728153e+00
1.732236393630105786e-01
-1.050849784215030169e+00
-6.123919942157061147e-01
-1.423219683260815938e+00
-2.303927424900459542e+00
-2.741930577031292948e+00
-7.379549058565010311e-01
-1.145658903251445260e+00
1.475833267632724599e-01
-8.391228848675772456e-01
2.236940523013521420e-01
1.788085652647865231e+00
-1.193657502257505332e+00
-1.229491283217650777e+00
9.911767239118928208e-01
2.369662353487134165e+00
-8.877361081010390897e-01
-1.713577431573557908e+00
-2.982434977524094921e-01
-4.140494235691671299e-01
7.155068664676432766e-01
-1.079342361611765000e+00
-2.703670106365581027e-01
-3.193766164840334265e-01
-1.602187994017432837e+00
-1.595577204850627151e+00
4.473812914916439065e-01
5.490072008942390447e-01
-8.112381775563921593e-01
1.580866533018474573e+00
9.430849280680306812e-01
4.657311194519136999e-01
6.139953246460130298e-01
3.500373601432024140e-01
7.280020175869043042e-01
8.727398304147304664e-01
6.495680045327488494e-02
-2.088539318263000766e+00
-1.699713159516713368e-01
-8.525738199916248483e-01
-1.214254139257563647e+00
5.999249257894863074e-01
-1.818330108035460357e+00
8.376464681467211681e-01
-6.579024010265801525e-01
-1.256862412732111300e+00
-8.938777087232603336e-01
2.368258449986542669e+00
1.490556355636100783e+00
-2.971214731260292674e-01
1.077483817195962201e+00
1.804091007125255164e+00
-8.974053286305292421e-01
-3.014172577350465176e-01
9.274846236112287423e-01
3.995683180677662150e-01
-3.887922224860695386e-01
1.649435674013563391e+00
5.099815717600012510e-01
7.986730626128432098e-01
2.431503928166804496e+00
4.914660868394136739e-01
2.692926221459590153e+00
3.043205971383510788e-01
-1.719709463737425503e-01
1.242987664051884850e-01
8.839908036970399730e-01
6.623048129632331804e-01
3.728142010969104359e-01
-1.524700955599675556e+00
-1.119990520264551037e+00
-2.805211039848830579e-01
7.348692155895035771e-01
1.467753637648428588e+00
-2.463071875970073155e+00
-1.631866293749587582e-01
-4.810052625023693018e-01
-1.249668274092678444e-01
2.012245762284328998e-01
-8.865552814431908457e-01
-1.368191886871456875e+00
1.019614835348440884e+00
7.533998398109650330e-01
-4.424673907172525511e-01
-1.401778218802548492e-01
-7.238156052112010297e-01
-1.457090886245318684e+00
6.463708455988155244e-01
-6.997225253383669852e-01
-1.163112465969579734e+00
-6.331730442092641242e-01
1.657479698869388507e+00
4.350808274905839101e-01
2.229639398979378073e-01
7.494733793061736371e-02
8.634671691875479560e-01
7.305133250165897207e-01
-1.352366985536294086e+00
-2.647159833598752288e-01
-6.842244037658461453e-01
1.982050321927292802e-01
-8.615537049606097897e-02
-2.065317508267662028e+00
1.151023562708980652e+00
2.421146412490794153e-01
-1.798810058607375195e+00
1.140766278228970698e+00
9.740514076521707143e-02
4.527352354300882009e-01
-1.060290883927666062e-03
1.317974885440416910e-01
-5.509892539977180315e-01
-1.737333265612193811e+00
-6.709253825844121444e-01
1.429417461799857569e-01
-3.598555010107906075e-03
6.199982422593798281e-01
-1.438776756004716550e-01
-2.339639457814199019e+00
6.971968069790452915e-01
-8.784200446182923727e-01
-1.425167619214690040e+00
-3.847634853419433232e-01
-1.451489242201823293e+00
3.048670480363604440e-01
-1.006672733625180172e+00
1.912412452155544562e+00
-3.219157055603774076e-01
-6.359626012311255794e-01
-7.366236475249012816e-01
-2.271997555922244949e+00
-9.583375673894924951e-01
-8.457630337017196798e-01
-4.107349765616589710e-01
-2.335571944806721589e+00
-3.207850736215323018e-02
1.239615014550941252e+00
-5.073449966092623553e-01
-1.231643733156569664e-01
3.671015846256205362e-01
-8.812780983928529821e-01
-5.108884694943088833e-01
9.093977032225256663e-01
1.345020791300416407e-01
-1.306287811949318201e+00
-1.870692986040441985e+00
2.277449531964206297e+00
4.050826619302252962e-01
-1.661384533952489306e+00
1.150711059943703707e-01
6.497799749739724406e-01
8.339802100422041842e-02
-1.946032210368229931e+00
1.812010785679835756e+00
5.801308063851166041e-01
-2.273637739421731085e-01
6.694155274184601101e-01
-2.518901535769133004e-01
-3.625486218523482074e-01
8.874500630528665557e-01
-2.034997286845686926e+00
1.004294916758140754e+00
3.919729749447203870e-01
7.621389797259052745e-01
9.207295617626930495e-01
1.578343257366526586e+00
1.464967491287533230e+00
8.998138602802598918e-01
-3.915323416201001439e-01
7.064973759721380198e-01
-4.804506854136811334e-01
-9.636003076289297864e-01
4.769574963660773714e-01
3.797441606928840807e-01
1.229847921607969186e+00
-2.160467549248602737e+00
6.296567710378349059e-01
7.060724085749899848e-01
1.396962421477045968e-01
1.535054166466746528e+00
-8.610302120937818326e-01
3.736977865006966271e-01
-3.474173252565326830e-01
1.794826971964233117e-02
-9.524631788732573767e-01
-1.067718000930690941e-01
7.204943395207843437e-01
1.584843662377051765e-01
3.883464323933578100e-01
-7.417810882099373782e-01
1.652151995376315297e+00
-6.702540161905701233e-01
5.893621255007525095e-02
6.371855489338136280e-01
-1.452475709284209160e-01
8.100496510195763777e-01
2.371955891869907684e-01
1.771893108550414153e+00
6.005472811394000354e-01
4.454759894319756386e-01
-7.786611684494342267e-01
5.109302606626097143e-01
1.060438663390352865e+00
4.621001667986909256e-01
-9.047019002213197991e-01
-5.161193860228256991e-01
-1.978775644080530416e-01
5.654012219368793890e-02
-1.368608026571452640e+00
1.932287002550343580e+00
-6.780823391909590603e-02
1.474045664097021757e-01
-4.160442350541140311e-01
-1.284968126815208035e-02
1.971802470044307531e+00
-9.319870483365231273e-01
-4.989128121288690654e-01
-1.022601546311658227e+00
-5.330619130749398860e-01
1.570261491103872586e+00
-6.146478881715310427e-01
-4.407595998770083012e-01
-1.807961662580810147e+00
-3.445812866977881472e-01
2.486969229125612912e-01
-4.745399879243065167e-01
-3.831065084122751152e-01
8.260911038061474754e-01
5.520506855988094319e-01
-8.470874574779639621e-02
-7.700659481468566936e-01
-1.498793002222323256e+00
1.715580737075225626e+00
-1.540006813449368517e+00
6.716416417097300640e-01
-1.783752433620351963e-01
-7.186285383994396314e-01
9.122328987042136461e-01
-7.251710144330947294e-01
1.291687147527578627e+00
-1.014515320732634063e+00
5.192644818184035671e-01
1.308084518399226903e+00
-9.519274114976544743e-01
2.135407588760101838e+00
8.849006317085176265e-01
-2.201428233704881610e+00
1.422330508273940142e+00
1.945112055000491447e+00
-2.393643465483030475e-01
-1.710781878975635439e-01
3.978671020909253508e-01
-1.887361853728891425e+00
1.797353092905509542e-01
9.629195452527695709e-01
-5.301017002351894325e-01
1.142724446091359924e+00
2.243099557041433822e+00
-1.949532125745977451e+00
-1.797480182537034565e+00
-6.886849421510982117e-01
6.582216473245675603e-01
4.059768447599120811e-01
-9.024510544328534500e-01
-1.121551818638806708e+00
-7.165019553030440580e-01
1.728210625287281532e+00
-9.392737763170927456e-01
-5.643017791376166992e-01
9.792127989430757795e-01
-2.516846283383546434e-01
-9.800347124221863160e-01
1.460800046020450216e+00
3.576242626006895242e-01
-6.693782084899025930e-01
-3.631662415900381857e-01
9.613712550108821642e-01
-3.411778136826693064e-01
2.882752240449727443e-01
9.246792595259312186e-01
1.034167171883515923e+00
-1.817999040035132463e+00
-4.572728021170848756e-01
-3.010695111781054867e-01
1.399488119650846296e-01
8.135121810962747668e-01
1.215205881880399019e+00
-4.143739571662501953e-01
-1.069427262969994574e+00
2.391189128706142641e-01
-5.546820117655369975e-01
1.787477930639267631e+00
4.104624699794249820e-01
1.069791542055740785e-01
1.052607046512687328e+00
-6.076511628901868356e-01
-2.910234779914765979e-01
-1.225518810407185827e-01
7.100530832946889692e-01
1.363461632851534322e+00
8.484616598070219284e-01
8.171428696915260526e-01
-1.685180010699864617e-01
4.324456550849453684e-01
-1.753647981658550126e-01
1.219404679314341156e+00
-5.733340358431685546e-01
-1.515622080543592605e-02
2.990137692500286493e-01
8.457522563076268485e-01
-6.722339387317178838e-01
-1.736501607398240055e-01
-7.685337003483824203e-01
-1.291065714639034301e+00
1.147897511301171347e+00
5.166061073703130946e-01
-1.450901884065070924e+00
-9.249304880647718496e-01
6.123171884084183114e-01
-5.562459710555283099e-01
-1.003926947240131762e+00
1.306698207289773705e+00
-4.360162958981447789e-01
-3.223292224759655156e-01
6.138437560725752418e-01
-6.662177758684665330e-01
6.811722324556772346e-02
2.075907712770182767e-01
7.914605920330116673e-01
-6.988788462244713839e-01
1.130221310442001359e+00
3.847299828627099849e-01
1.841640344481769498e+00
2.632147843884216631e-01
-4.949928059465887875e-01
-4.974538491767804826e-01
-1.097543887571138299e+00
2.981644739641856751e-02
-3.173642264161032067e-02
9.296147723326849688e-01
1.151500355548576715e-01
-8.172585071980038585e-01
1.056788671385677336e+00
-4.065340642925420744e-01
2.936732462873253846e-01
1.488605311606508774e+00
1.300576448791221917e+00
-7.126232556758779202e-01
-9.478619273604142748e-02
1.365855988016992928e+00
1.007232677310347047e+00
5.620272886519331879e-01
9.069845419871868097e-01
-2.154624065160621438e+00
-2.848362024953862148e-01
-1.436276041781457291e+00
-6.343866416236095818e-01
-3.822769323823573817e-01
4.749934563141723354e-01
1.175247547825354566e+00
7.818090005847587731e-01
2.635689381448150792e-01
-3.716270524373742612e-01
1.268202593893388741e+00
2.446980285883381123e-01
-1.803807581188043407e+00
-9.390281820111645583e-02
4.705781649521638133e-01
-1.003130251340499601e+00
1.842080251832928228e-01
1.482169320251554234e+00
-3.009723174515598898e-01
-1.000671037913290762e-01
-9.114899089879377470e-02
-1.031955435188906867e+00
-5.325415340782416740e-01
-1.072651081075689738e+00
-3.556278685573680542e-01
-8.743233747260588107e-01
9.015906943053032530e-01
-1.840026543324226327e-01
7.858431637344693854e-01
-1.342596037687066479e+00
-9.286390744596312308e-02
5.072811756040337405e-01
6.266585804278063110e-01
-6.997177322458244531e-01
-1.799449445810491766e-01
3.450424322636071184e-02
-4.221742463370461995e-01
-4.964177628078345617e-01
4.523143588215142175e-01
-1.272209363215008215e+00
-1.904465054130177970e+00
-5.684414148104176556e-01
2.142942108898281128e-01
-2.379261632548495875e+00
1.291743104327265357e+00
2.571831415289754091e-02
5.156629821515690271e-01
-9.150841532703105630e-01
-1.102488485359049281e-01
1.771720193121549825e+00
1.813962356355497407e+00
5.687242390308991924e-01
-3.416942771093172682e-01
-1.712889303725136647e-01
1.271550795165085290e+00
-7.798261921287179543e-01
-1.003235676525436659e+00
-2.023218190304382491e-01
8.517551684112449895e-01
-1.150135840957068334e+00
2.889623516376291223e-01
3.045104586033163807e-01
6.063268632499696498e-02
-2.296082453563517423e-01
8.611160195158980013e-01
5.035575526787336997e-01
-1.554863424495243729e+00
1.538592219545635853e+00
3.754304217513456665e-01
2.294642032086095240e-01
-4.530847203486209618e-01
-3.918407976375812840e-01
-2.646779541667135582e+00
-3.376820858137726811e-01
4.924180678555877266e-01
5.129087901336804034e-01
-7.963937697495585555e-01
-2.499875719062202073e+00
-1.257884213722819888e+00
-4.313684183045995435e-01
1.177138179799769757e+00
-1.752840907737872822e+00
-9.971241821265809657e-02
4.798163333552626364e-01
5.121881740577601816e-01
-2.098463858472735255e-01
-2.927779770698642814e+00
4.953345721774177757e-01
1.477446559593152166e-02
4.313354357861073907e-01
-1.068713423427544384e+00
-5.957607029646990737e-01
1.413923476186074168e+00
-1.957326851690694980e-01
-1.075866567263195489e-01
-8.231145128364453223e-01
1.175324360856272676e+00
-1.756561509332674964e+00
-6.196608175174330713e-01
3.472808823573009240e-01
-1.256595175522279562e-01
8.088608406433628328e-01
3.484277371582287786e-01
1.381302145822844940e+00
-3.010674805237480434e-01
-2.036932471471657735e-01
2.150945768496631827e-01
-1.866506724536249884e+00
1.370222289774851943e+00
-9.798743129179754430e-01
1.093767293934450269e+00
1.407596225232260911e+00
9.767399035516267647e-01
1.554600318083152466e-01
-6.842127183510785526e-01
-2.199998257824947068e+00
5.307283301069048997e-01
-2.786112102120709144e-01
1.702394229234412526e+00
-3.339823717387557234e-01
6.015226208696187182e-01
-4.427316627806981431e-01
4.029522809733582789e-01
-3.851672360119743899e-01
-2.042010980501088591e-01
-1.938871579763819630e+00
-7.550793820496346509e-01
-1.855924671646259072e-01
1.261506570828885510e+00
2.448818751962756890e-01
-1.271350391395855262e+00
1.578692017059354580e+00
3.288493344452530498e-01
1.102563764006835090e+00
-9.488899104295069886e-01
-3.361992031800704606e+00
-8.107226216995487844e-01
-1.070343083255175021e+00
2.389417238300095836e-01
-1.594952056024546483e+00
-9.348403052730491769e-01
-1.418204366767913394e+00
1.091573870114618955e-01
-9.686402246191933019e-01
1.371620093518794770e+00
7.782451479904901603e-01
8.341112735222037111e-01
-2.370982188177172267e-01
2.240148558153875480e-01
8.624793757684982021e-01
-8.741674613242976788e-01
1.250802857988346783e+00
-8.932272641929510371e-02
1.272917012691777927e+00
2.277810307625372843e+00
1.581292763024224834e+00
-1.102817174457144667e+00
1.228470855826820030e+00
-3.274153691254417242e-01
-4.368153943085760216e-01
-2.462334395320926184e-01
-1.203136259314099732e+00
2.394989771534957734e-01
-7.317031137126074336e-01
1.126787790779241849e+00
3.218749537433638341e-01
-2.637328354203272163e+00
-9.874011696532845050e-01
-1.037169642124114111e+00
-7.122681003511240894e-01
-6.854817007836818687e-01
1.958695640112717018e-01
-1.751150057065649635e-01
-1.121880194572483447e+00
4.288778585462199588e-01
9.083539219339888948e-01
-3.769892296376225159e-03
1.182518783159684395e+00
4.232608469387576511e-01
-5.795471319255294240e-01
-4.133875911308610984e-01
-8.455065368125855643e-03
5.266355889738503215e-01
1.623686499449418785e-01
9.790713023398496251e-01
1.156531079563083875e+00
-1.033970819480759307e+00
-1.185805201617935012e+00
-1.180648807043452042e-01
4.476847225432958322e-01
9.077737915740047292e-01
6.426217490980894453e-01
6.127984938920483238e-01
-9.500024627638227193e-01
3.689548032085198659e-01
-6.616953034498368469e-01
4.093818887671569762e-01
8.979740286520693227e-01
-6.873894551051810131e-01
-2.533028217974819807e-01
2.471460966226729283e+00
-7.721956631968406315e-01
-5.194101541545044221e-01
-1.112226540730864022e+00
-1.461345560222119255e+00
9.947096913278845598e-01
-6.933848893768407295e-01
-6.367809213257449308e-01
-8.186449635033739014e-01
-2.848719821236870509e+00
7.457569403701194144e-01
-5.702052572514325623e-01
-6.447047327602822842e-02
1.370005602802657707e+00
-1.585049122920130782e-01
1.162212081546937503e-01
1.645059563531740821e-01
1.278349315890142002e+00
-1.373160413738281127e+00
-5.816555554354181368e-01
-2.209098897843850828e+00
1.611415636507985624e-02
6.391831868127649807e-01
-4.358902814700432171e-01
2.014352390571580109e+00
9.911414105442256650e-01
1.980765034163161520e+00
1.745763174754974001e-01
1.839937690767365464e+00
-5.037431869330395440e-01
4.390723312726609873e-01
1.515341077235952127e-01
-4.000244532124332952e-01
1.704780466599540523e+00
1.370489062285163540e+00
-6.522156974071997571e-01
7.438163325985641672e-01
1.495328964335878030e-01
2.155486485510209049e-01
6.688501751457051059e-01
-4.429754279415041296e-01
2.574522386884697811e-01
3.703786559950279500e-01
-5.428395035601348839e-01
-4.441710832254600616e-01
9.421334766916810155e-01
1.020174363039746956e-01
2.455546593259136046e+00
2.223922306762165402e+00
-6.746616859378371522e-01
3.694647153211141899e-01
-1.992391863073046832e+00
-6.240246855655167124e-01
-8.777041460863510558e-01
-7.570153541720525681e-01
-2.151128554795068926e+00
2.799731760398428970e-01
1.536159691922528714e-01
-8.130741621028161337e-01
-7.647125442154169284e-02
9.344260300170308398e-01
1.622295557847781566e+00
-1.343295308398679389e+00
1.604619889516460729e+00
-1.737883830920481598e+00
-8.364722175447515395e-01
-4.015687376516961504e-01
1.556149784026372274e+00
6.057783812116229738e-01
5.860636181783999143e-01
1.570298733347344378e+00
2.226189150272564754e-01
-4.594787186886997721e-01
1.476087473354509960e+00
-2.266907081359677278e-01
-1.288550190197710776e+00
-1.755024980383563138e+00
1.548050076310487633e-01
1.882531466196187608e+00
7.463890849258145721e-01
4.298974303804693753e-02
1.220438334473441300e+00
-1.511960064508304891e+00
4.303320922603099952e-01
-5.483940510075108188e-01
1.386176289881467127e+00
-8.526302949711119794e-01
8.051207668259194872e-01
1.969468656595148304e-01
1.210270034566471482e-02
6.965137268706947937e-01
-1.362718179073152125e-01
1.446205120404400191e+00
-2.141566151117792749e-01
-2.202025424005749521e+00
1.455331311744701761e+00
1.341577471511436803e+00
5.076533020501027282e-01
1.401951441470864257e+00
6.940029315500642060e-01
-8.444867376461446806e-01
-2.073820268289520818e+00
-1.058891495265230187e+00
-2.942968162787736874e-01
5.207326588940555112e-01
-1.441421170192131340e+00
-9.200860448671279723e-01
1.524813531452895221e+00
-7.129891568345492203e-01
-7.469123361737669553e-01
-9.688042411481332383e-01
1.631414912622219049e+00
7.892699514685656004e-01
8.929109646770547748e-01
1.660940910117214786e+00
9.643923603056605565e-01
1.346526405991668618e+00
3.637313307835863818e-01
8.729207058134916819e-01
6.280970040407658495e-01
6.997109025437674434e-01
-1.185911998521994803e+00
-2.244227158369574981e-01
-3.752689114886560429e-01
-6.637462601412237317e-01
-5.143461521978571344e-02
1.815240340110209072e+00
9.420369928771376022e-01
8.661258226167832530e-02
3.279686954473894911e-01
1.406779575065918220e+00
-1.235813451662463924e+00
3.786473847131730519e-01
1.658268651766535040e+00
1.797157640026173508e+00
8.919015156872038830e-01
5.411074663335915247e-01
-1.839011172505749192e+00
-7.343591804238835952e-01
-6.202023462081644734e-02
3.612387606255202943e-01
3.934163490409479103e-01
-2.327615446435927993e+00
-5.630887275207930864e-01
2.553695476414935550e-01
-7.959913439517897205e-01
-2.509477372416301644e-01
4.893990486296496689e-01
2.831580333878853661e-01
1.506720411579540453e-01
7.149020083993292696e-01
1.107843187417326236e+00
-3.182288161049819930e-01
-1.082620124882836654e+00
-7.254454934103882202e-01
-5.196991773718059315e-01
-6.825910908303124691e-02
-1.538245778578191780e+00
-7.892721923016904340e-01
-2.760404451118982916e-01
1.340947375206690273e+00
5.037174969257185442e-01
-1.709238817998133819e-01
8.676361710097890700e-01
1.638746040610824239e-01
2.177862056567025362e-01
1.054191043517806570e+00
3.232287851166019133e-01
1.396775048207213044e-01
7.103818806106583228e-01
-5.601043632753578416e-01
3.573584908092965889e-02
-2.116608930624647833e+00
-4.280042779530527919e-01
1.536129222138599149e+00
-3.673489805232684757e-01
-7.090856139301600185e-03
-4.291766876202552372e-01
-1.034654022706266607e+00
4.843194378435162206e-01
-2.648077442574311643e-02
1.089571738870562800e+00
-8.927345922328199235e-01
3.546584745023600993e-02
-3.430196449501840550e-01
-5.921676878245238917e-01
1.081903166718091613e+00
-7.347990179032309888e-01
-7.238506872988548224e-01
2.531715540888256122e+00
-7.169355873726561412e-02
-2.051455671843586959e-01
4.645532107809647870e-01
-1.005424152042455610e+00
3.542490167260257117e-01
-1.178420945600294978e+00
-4.727336466149580918e-01
-5.709299180399853846e-01
1.353002599182018484e+00
6.368694615681377291e-01
1.851680880442990507e+00
1.681482963308325473e+00
-6.819412715710635453e-01
5.328383227498557639e-01
-4.292830423275883489e-01
-6.286581069644393560e-01
1.204788092800678445e+00
1.442668268189543967e+00
1.338388574585240298e-01
3.425572051310410981e-01
2.979649368733527925e-01
3.292180247287139205e-01
3.580360078509112753e-01
-1.006042156118145181e+00
6.198480694583246020e-01
-6.824245521589624719e-01
-1.186134008079486657e+00
-1.361700664327919474e-01
2.742079490921693896e-01
8.466309485511402944e-01
3.842613554482698368e-01
2.979825562471227207e-01
-6.629279850166113208e-01
4.020695339764245868e-01
2.147496980799134536e-01
2.939359376961359627e-01
-7.443785314582448409e-01
1.704015309115722632e+00
7.582327854627756158e-01
6.817175759188631723e-01
9.516722711409532354e-02
-2.838418340389676775e-01
9.316705221807839443e-01
-1.326110364972086897e+00
-4.625274081799178871e-01
-2.942475598615225119e-01
5.695061099637379609e-01
-3.131966023737072780e-01
1.418926953900466303e+00
-1.764950585975358255e+00
1.563862294219549254e+00
3.128088415146978996e-01
9.364857304810301208e-01
-5.201213701186102600e-01
1.031909838116496614e+00
-3.332490906786174101e-01
2.502523774965919601e-01
-1.491960708856645779e+00
5.390133952226499048e-01
1.166420148144652613e-01
-1.896517295462351482e+00
-1.093881639187136295e-01
-3.269119864331455627e-01
8.147237179288717712e-01
-6.872907565383774564e-01
1.841449817429727243e-01
1.283528293768814610e+00
-8.843380138310698024e-01
1.874668054549252894e+00
2.366485584142305476e-01
-2.378368572001829107e-01
-1.379795030458259353e+00
-1.792374761146879436e+00
9.491287230259738417e-01
-4.746314035141216969e-01
-6.355303815241355458e-01
1.057350151467636223e+00
6.687938044252028646e-01
1.129293626727659455e-01
-1.484148784794997233e+00
-1.971279353250375621e+00
9.384999395850829318e-01
-5.533816394906007630e-02
-2.723945350966673895e-01
1.913915286352228184e+00
-4.303699224328210726e-01
3.542205539681372306e-01
2.155858040448700219e+00
6.103297646265271048e-01
-5.580570222270628822e-01
-8.513364875504814133e-01
1.218235449978058105e+00
-1.244424872966005680e+00
8.370337776863726598e-01
1.626313074664571534e+00
-9.592568240640088340e-02
8.324443626735921198e-01
7.663338077612207033e-02
1.430403349614054687e+00
2.835934676114041930e-01
-6.950539116114172744e-01
3.693410655847055857e-01
1.581859574729687357e-01
-6.085863107122224669e-01
-2.280525075890177111e-01
-1.201601670597918226e+00
-8.340571705265823477e-01
6.557746650014477652e-01
-1.845931967924470785e+00
2.885011212323561058e-01
2.245325520373430209e-02
-5.828396892621312553e-01
1.422582679879040413e+00
7.042959583373163968e-01
-5.870350512375518415e-01
2.136372666571486334e-01
9.305592974808579720e-01
-1.571536210716416804e+00
2.261886627193822052e-01
-2.387548641252633108e-01
4.059580384901805838e-01
2.127890048865737516e+00
-6.449751382443847936e-01
-3.336587110554052882e-01
-1.195693620953255820e+00
2.287815794710781336e-01
6.327476355903693950e-01
-2.463854293845410659e+00
1.486506337878656714e+00
1.614343416922066066e+00
-2.674956473750118136e+00
-1.512178597619914466e+00
4.869006005415834060e-01
1.069585660639984087e-01
1.194956055919016658e+00
-2.674198183035932375e-01
1.318847866745724629e+00
-1.351900108074042040e+00
4.403379009937763433e-01
-4.095584724284932476e-01
-4.449782056438463806e-01
-1.751735171484739562e+00
-3.799019665583155958e-01
1.412058724113464114e+00
-6.201552728971344575e-01
-1.994141749696371479e-01
1.672983083337164778e-01
-9.380192445625773479e-01
3.035315989919716850e-01
6.014753954964240368e-01
-2.015749416572320818e-01
-1.829583383728563550e+00
1.580139887677381338e+00
9.361448235997943401e-02
2.179608125596252735e-02
-1.685577019935308452e-01
-5.503178705664081294e-01
-1.628150856630619536e+00
-3.792424921972023435e-03
1.964199575873769865e-01
1.039345765800765653e+00
1.690103456279878902e+00
-6.841487839679502025e-01
1.665984205014037212e+00
1.355899545419085028e-01
6.376950501459647258e-01
-9.737082767791533922e-01
3.976740001213422415e-01
-8.954520550047841976e-01
7.286573062699992498e-01
-1.207059311153930947e+00
9.175770630997644173e-02
-3.698037621630387850e-01
4.107254331601694064e-01
3.085861850153024388e-01
2.163213201134314145e-01
-4.501813269153726038e-01
9.275980862535986304e-01
6.342452919462002736e-01
-7.247243356286171556e-01
8.139793743317549346e-01
-5.839792474771642317e-01
1.536087525550810240e-01
-3.081477107268614998e-02
-2.571763372917444668e-02
8.691235879858353330e-01
-1.742075799962618854e+00
1.352284000780063833e+00
-1.706656416256998376e+00
1.325097860025840291e+00
6.465710968572663253e-01
-1.415065623821631258e+00
4.442156334632007542e-01
-2.314660192979142717e-01
-1.100407063100018012e+00
1.310512423416754890e+00
1.221903814011334743e+00
4.824452688889709906e-01
1.793890409274350173e+00
2.559725522031463529e-01
-1.710113260446272654e-01
1.434603155673870090e+00
-6.349531942612719471e-01
9.196830349870338539e-01
1.240495522763134462e+00
3.424560503602668282e-01
2.275137684066534383e-01
6.112690724031866196e-01
3.715122518370420623e-01
-5.784085552364408578e-01
-3.487276250589292914e+00
-3.918582243900274320e-01
-1.353474784744475690e+00
1.113294803204377681e+00
-3.331235923117003561e-01
3.700454458356181586e-01
8.896469724087207043e-01
1.165927902656542337e+00
-8.096554088118234072e-01
2.316022396452036780e+00
1.061473024147456590e+00
7.824721956302441717e-01
-7.901651820444068886e-01
2.174562458417101052e+00
8.003191968907490406e-01
1.265478649325222804e+00
-1.685810634636299432e-01
2.058610724281483062e+00
1.627290201944263215e+00
3.024171186782702997e-02
2.153153479602735398e+00
-9.394967849087617617e-01
1.013193303435967918e+00
7.834716486199011509e-01
8.233360325977820970e-01
-5.948750720883311249e-01
-2.551778203245084198e-01
1.080537971424629262e+00
1.181813588474576182e+00
4.167741553069483074e-02
-1.740906286688987947e-01
-4.399448056069982238e-01
1.434130553657123386e+00
-7.665745833180956370e-02
-4.850230717001786651e-01
-1.863116297357438444e+00
-1.751371698656348563e+00
-1.092049001973806277e+00
-2.024535105926126288e+00
-3.845197319940472092e-01
-2.846100406367915170e-01
-9.963307955231619495e-01
-4.173380900573305796e-01
-8.467110851461279175e-02
-1.782890601863330815e+00
7.203328761093142907e-01
-2.794172617297089989e+00
1.976901580462217867e+00
-1.494500626354945405e+00
2.822789098877507077e-02
-3.666241850528855761e-01
3.779951012194153748e-01
-7.677018996087139335e-01
5.406836635833454086e-01
-1.594706377325611379e+00
7.663808287074269643e-01
-2.930607959953681618e-01
3.770060188265577095e-01
1.030975860786299547e+00
-1.211976438680620660e+00
-6.068506230471961693e-01
-7.683541641131160782e-01
-1.055902367147917159e-01
1.615465774092252893e-01
7.281684449721522734e-01
2.140999289009136997e-01
-1.658600977793635856e-01
5.455254931289276188e-01
1.037987389708151076e+00
9.755208477104652109e-01
2.119774552249726440e+00
-6.417695855689991014e-01
2.322917588209106599e-01
-1.361615748570014439e+00
-7.005991836142000384e-01
6.251795621662670221e-01
1.271318734494537583e+00
-5.002065553132548636e-01
4.731486769814700066e-01
8.142257459330053126e-02
5.166429303967081665e-01
2.234882152713972003e-01
-4.797645126163670448e-01
-2.268774350371999482e+00
-1.513752654692831268e+00
3.902515193749007127e-01
-8.581369376348355060e-02
2.106275478700942116e+00
5.031570160266328473e-02
9.267191424069668448e-01
-1.190464750638270175e+00
-1.406266912477307507e+00
2.062752297322635597e-01
1.691693552827877811e+00
4.129139088807811664e-01
-3.167170325368822148e-01
4.130036843073513486e-01
6.272736047379132707e-01
4.578635597469329910e-01
2.769988269240416037e-02
-1.061127542887102093e+00
-1.145916122724511821e+00
-5.161323154169886740e-01
-1.280904763117359235e-01
-1.321944440657773612e+00
1.610820576567551177e+00
6.051032696463858329e-01
-5.283956996310152920e-01
7.733178142045938896e-01
2.454220744362616724e+00
2.510200657745382258e-01
2.301943672689558962e-01
1.041683269402751133e+00
-1.360689796376837180e+00
-5.634455494502028650e-01
-7.669979328002293206e-01
7.797489292004000649e-01
-1.687758820617071720e+00
3.315103445243987035e-01
-4.794688189999247729e-01
-2.806045728719302468e-01
-5.548734778394346367e-01
1.483637633339583761e+00
-8.608519415588664625e-01
-1.194931968842599446e+00
3.160386908719494681e-01
-5.771620705459835632e-01
5.173969024577366183e-01
-5.477999410915063844e-02
3.948859707294158361e-02
5.750909690059055612e-02
-1.699577387059203692e+00
-2.027469066882531923e+00
2.021672821199938408e+00
-1.179497895388451845e+00
5.210029760328093174e-01
-1.129702486463691313e+00
-9.228255523689987694e-02
-2.690276739193259714e-01
1.454445710572781714e+00
-2.099607382956019952e-01
-1.546663573904533795e+00
-1.432055830128161178e+00
2.986729967480572512e-01
8.704793671628202612e-01
2.014848751251622883e+00
2.132480509435832339e+00
-1.429456689397225810e+00
-1.220661732956858508e-01
-1.229115553843537656e+00
2.767095149394608877e-01
8.027055883888326582e-01
-1.840618902259790524e+00
8.552082275180623583e-01
7.204941073765583903e-01
-2.587369937106689943e-01
-6.062401423531867950e-01
1.663558579658568126e+00
-1.534599349267830037e-01
-1.097209642444058275e+00
1.085472333542589068e-01
1.037766537788828547e+00
6.882312039243382307e-01
-1.969338803249385705e+00
-1.368797098887128083e+00
-4.172083949159142158e-01
1.441370145771824762e-01
1.427854594448818848e-01
-1.267405658915849775e+00
9.153854194638260111e-01
4.684831961645352649e-01
-1.586790267552004252e+00
-9.703097853735641598e-01
-1.185798390698246524e-01
-1.532693332591912316e+00
2.331443423875589893e-02
1.663851980843088219e-01
-4.431854438964041853e-01
5.757613741693052845e-01
1.813919427236605708e+00
-6.634158670869184649e-01
4.754217774315027678e-01
-4.535349360630394622e-01
1.540048868008852656e+00
1.257362722293691393e+00
-4.342788113048275914e-04
-6.171353060836785032e-01
7.863043526570581143e-01
-6.217148058587197018e-02
-1.230345533563150129e+00
-1.006773394468683858e+00
-1.622481132707980500e-01
2.180641602634262100e+00
1.097810528502893179e+00
1.391571549174050570e+00
9.489039423576871579e-01
1.388763127060876679e+00
1.513562627728602505e+00
-1.107037257970775235e+00
6.151945839468838662e-01
6.349905687345790417e-01
5.006971615705958500e-01
4.240023011886384086e-01
-2.525802126486160759e+00
1.867101429615243280e-01
-1.357908830059949112e+00
9.621464812244662212e-01
-5.170749914804952940e-01
-2.743569092806679155e-01
-5.582386729536333025e-02
-2.050749314450627470e+00
-1.748531264435436161e-01
-1.273242672209425663e+00
9.564762406556910346e-01
-5.351661633736176649e-01
-1.143763336941977737e+00
1.238986264547720095e+00
-3.025717055154761859e-01
-9.794580817062473743e-01
-1.110287318473622276e-01
-2.021811175825847795e-01
2.292624457996253473e-01
-1.011875398786276081e+00
1.066101177568944625e+00
3.186222545766942416e-01
1.624578410925147098e+00
5.591397041559058589e-01
-9.849339523153239906e-01
1.059555244619983627e+00
-2.599549273889917855e-01
1.023903280032744806e-01
-2.464524806200644846e+00
-1.255658815493163827e+00
1.374426374227665892e+00
1.105199220749429223e+00
-1.759810745913055863e+00
3.351447042083594008e-01
3.480305202574767165e-01
1.253681117111292709e+00
-1.088200832142929508e+00
-1.739177502133008257e+00
3.151584022520227402e-01
-6.578655514438701557e-01
-5.850489563190598430e-01
-8.925594942685278754e-01
1.250752281981340808e+00
-8.570501103115174546e-01
9.750415659963715953e-01
6.282239148902251102e-01
-6.476274315394064951e-01
9.908783232366887850e-01
1.281917874533795798e+00
3.730572588641594689e-01
-2.176463851514737202e-01
7.745531800467595485e-01
-7.321989499280570080e-01
5.122479395897729937e-01
1.553944401996414149e+00
-1.330909238933896566e+00
-1.793050578754272539e+00
7.461542732912231912e-01
-8.693392910547881325e-01
-4.417667362885049909e-01
1.655160173650506716e-01
-6.058213455890683052e-01
1.392498708523090822e-01
-9.711401829722559054e-01
-5.193581661582398201e-01
-7.357903948960502205e-02
5.677230949465593701e-01
-4.041386033621028884e-01
3.546430807190084633e-01
6.208914849958425686e-01
5.195860350822888440e-01
-9.936390707326345217e-02
1.322493891587577686e+00
-7.601208005974812165e-01
1.066068575589836254e+00
1.012716807508330596e+00
9.100779954708545505e-01
-4.954047739041866905e-01
9.837737436422303583e-01
5.002941364391341184e-01
-1.102251660306070136e+00
-2.886178015394569862e-01
-1.293340235894951507e+00
4.014233807050544556e-01
1.419915556417235214e+00
9.487511224448319513e-01
-9.742766683427385166e-01
-9.803003128405658462e-01
-1.651794628283947408e-01
-1.270578796550239087e-01
7.674529440938296920e-01
-2.964495387946649574e-01
1.151223844306251687e+00
-5.022036170345806072e-01
1.064865073728266998e+00
-1.420167617782399416e+00
-5.221008653643307573e-01
6.991147943007908205e-02
8.598999654819161620e-01
5.578680911430666800e-01
-8.327961453819838766e-01
-1.267814545013587368e+00
1.092472390701511309e-02
-5.283628269445318770e-02
-3.566897273393262457e-01
1.257020809664832241e-02
-1.292761399385788268e+00
5.452091111848843541e-01
1.026931821172909931e+00
-8.529337239640801815e-01
-8.170817920758358666e-01
1.263263645593834417e+00
1.105488259368353932e+00
-7.579216354373644604e-01
-6.449018824718359966e-01
-1.711152876589482563e+00
5.260770760197226448e-01
2.346140160800699592e-01
6.323188140212507302e-02
2.288152623636169114e+00
-1.454452747265773394e-01
-8.140849161989217875e-02
2.910137798289777478e-01
-1.525322833316295201e-01
1.143022656690637406e+00
-1.283738029974343664e-01
1.658337824447781994e-01
2.287883077063681991e+00
-5.362058375274242339e-01
-1.153468040553294216e+00
2.006860840028205639e-01
-5.728466172052117944e-01
-5.906817233480895490e-01
2.623849439549423290e-01
8.921730042615836354e-01
-1.490226892007168624e+00
-1.594591011063660191e-01
-2.050690715305682144e+00
9.524739721927328873e-01
-1.001392274024450302e+00
6.721396332944855612e-01
1.820535356031216967e+00
1.365068526879401833e+00
4.393642227346045703e-01
-1.969539208603342084e+00
1.904849777678405687e+00
-4.016918553307131101e-01
8.089603374538499869e-01
-4.924850992695631313e-01
-2.298607914608651603e-01
1.622074453852453635e+00
-1.650334469466790965e+00
-1.226589828509514701e+00
-2.859449776427583911e-01
1.063557000404371289e+00
-2.495638779771094828e+00
1.264410031745137220e+00
-4.084039485455174257e-01
7.004548459891494216e-01
2.633995471937824462e+00
5.170381970124683368e-01
1.105486933591597998e+00
1.385355666968006050e+00
-2.911128008358750408e-01
1.519974482643546010e-01
-1.600397109815292762e-01
2.257117577041296286e-01
-2.919260251258454786e-01
-5.115580328029432078e-01
-5.963108745038759873e-01
7.723339524432967229e-01
-1.325908957864482041e+00
1.116573330378075463e-01
1.380387081234447422e+00
-1.383750265971245730e+00
-1.753578241093745049e+00
6.818269265206228225e-01
-7.968173523480667209e-01
-7.279301230525994093e-01
6.431331995103187760e-01
3.126329848182237692e-01
-6.778592525606029762e-01
-3.279662830368507143e-01
-1.478781623263929701e+00
-5.836280127986066546e-01
-7.724135242166833837e-02
5.528067522971712444e-01
5.923260190243871959e-01
1.743629101993257047e+00
-6.692680877248789739e-02
1.002131830154192382e+00
2.756375402054132562e-01
-9.808008506834787754e-01
3.232812006875612765e-01
3.558655632895127430e-01
6.808778126839368783e-01
5.006227585337793551e-01
1.378039893253107939e-01
-8.887632924656155842e-01
-3.014250637969569380e-01
2.929931036819654611e-01
6.543950136865710476e-01
8.187452503807416404e-01
3.659805209560667572e-01
6.418760291797551698e-01
1.437877043057226745e+00
2.100837646626237676e-01
-5.323769622010121605e-01
-1.416923474108547465e+00
3.764646747823359452e-02
6.228545899976286604e-01
-3.737786669303920783e-01
1.480177448072397262e+00
-8.682570573879911935e-01
-3.744885287141999641e-01
-4.475323030618181402e-02
-1.246445193989791589e+00
1.000472385680259979e+00
-7.616312907844348112e-01
-1.196516234669156464e+00
-1.846389067759168556e+00
9.020743645085285145e-01
1.256439064339600176e+00
-1.038453529412381560e+00
-1.452752050939161155e+00
-4.808835037006716218e-01
-4.393420946908820762e-02
-5.700556327928296696e-01
4.480436602748928410e-01
-1.096499449260392778e+00
2.032832617513737450e+00
3.292199148377711326e-01
9.854311482464607197e-01
-4.308897377442950094e-01
9.385640914596683482e-01
1.641676654826610848e+00
-7.425379942443556258e-01
1.163749144636944260e-01
9.875114651128612531e-01
4.025009180700649392e-01
-8.546999159663266621e-01
-4.773546305035251125e-01
5.757123104771960653e-01
3.236034211592411225e-01
-6.684849567799919789e-01
3.246562175668227246e-01
-2.230289251637334935e+00
6.704179575290543369e-02
9.530918567458258606e-01
9.273892024486891650e-01
-4.376814596490706255e-01
2.443164809595236020e-01
2.194077113921671929e-01
-1.286541295798388218e-01
-8.280185876096632924e-01
-1.460757267619263722e+00
-6.487205631987279508e-01
-1.292457676543830924e+00
-2.196916395646023812e+00
1.099490432623300151e+00
-1.593881584729386791e+00
-8.093617469929620389e-01
-8.257195142491234874e-01
-1.949737168222531070e+00
1.083721912127364045e-01
-1.951890918193069480e+00
1.518503070672662769e+00
-1.664814434418071754e+00
-1.071683119549080354e+00
-4.486329324623424264e-01
-4.176564052575573727e-01
-2.833957392280043730e-01
8.511701767290343890e-01
1.124353702235218133e+00
2.196822880792895560e+00
-1.230903968386039882e+00
1.067913854282958264e+00
7.134677933428364982e-01
-2.572824691624417404e-01
-1.267028143225301440e+00
2.488239735106490436e+00
1.286848690579630139e+00
-1.724388878619559806e+00
1.607341337946478710e+00
5.511902496071100499e-01
3.200845301094982776e-01
8.821441322532260765e-01
-5.340029411171296481e-01
-5.817118868289348349e-02
1.040131572425550210e+00
-1.096686873443510679e+00
-1.313602425670362228e+00
-1.639443027182777346e+00
8.258792488676947041e-01
-1.010820144229699569e+00
-3.033761424207571111e-01
-4.587324970272586011e-01
6.401608658688392461e-01
4.028755563578049204e-01
-7.829633446542402231e-01
1.455166698839506001e+00
4.700567872598444552e-01
3.855102800509161987e-01
-4.045955064469962115e-01
-3.102954138356395219e-01
-2.270733863744266723e-01
4.916577511963674679e-02
4.594396441046216251e-01
4.625238942011689058e-01
-2.320136028833661712e-01
-1.008466170713274296e-01
7.355590518629073760e-01
1.232344773152013628e+00
1.286773890156889255e+00
-1.025955240982571190e-03
-1.254654760886124709e+00
1.865065428726045971e-01
1.920419023156533234e-01
1.063410378943379642e-01
5.424679826461654697e-01
-4.800813009077687377e-01
1.399185520935629090e-01
-2.311991648632031104e+00
1.813249083333691614e+00
5.243522417425248994e-02
-3.019581584222462145e-01
5.431519172445609112e-01
-2.330611542582320950e-01
-7.187540740598047373e-01
8.566276187529520136e-01
7.555547510819082824e-02
-6.722644402210782300e-01
7.081802856386495426e-01
4.597072243639785949e-01
3.931910685159136776e-01
-2.919210582584556013e-01
1.094764757700431801e+00
-8.985795591506243740e-01
8.552007196415895018e-01
1.539724900594144685e+00
-9.112034378557255510e-01
2.380005052971208568e-01
-1.800910020010449086e+00
3.747013824690587774e-02
-1.719309280000766549e+00
-1.344391266112756389e+00
2.009996704875643692e-01
1.087862627612596889e+00
5.059446130477208703e-01
-2.230757549664709183e-01
-7.929328160883434284e-01
1.392247574587262421e-02
2.428318181003872755e+00
1.425302403002522533e+00
-1.349246366988620993e+00
-7.235514647434277968e-01
-1.452570007163159094e+00
5.577349969464031609e-01
-2.999477299967645005e-01
-1.559065322775909035e+00
-1.859031271629106863e-01
-4.992445619233008558e-01
-1.080573404663228487e+00
-3.681599627603520108e-01
8.660815317034412653e-01
-9.487509947188548232e-01
-3.725945345977346723e-01
-1.448128973158489208e+00
-4.253851511365388527e-01
1.371613808591368722e+00
5.437487753066119200e-01
-7.245576623490974644e-01
-6.126009763043990253e-01
1.262991937971505330e+00
-1.330032350945800912e-01
-5.146106309032019155e-01
1.161635087718517756e+00
-3.941498722136724808e-01
-7.081390332458252779e-01
4.382818084154131433e-01
-1.278647086578736936e+00
-3.986545633529110511e-01
-7.458007047925507838e-01
1.909025876791823895e-01
-6.161319981360038195e-02
1.902643328937968947e+00
7.567364691446034630e-01
9.306841749439376255e-02
6.462312212187570903e-01
-1.469064372384780714e-01
3.392942087753894609e-01
6.706843712195664775e-01
5.496091341479151238e-01
1.503904752176801640e+00
6.493042314151410421e-01
-6.249911658236791956e-01
3.561902671385802077e-01
-1.048771636617797931e+00
2.122110570757586689e+00
-1.799571030629734558e+00
-4.444720939309713265e-02
5.898557412829436020e-01
-8.606202175823360889e-01
-3.535674757343923447e-01
1.106779241524924462e+00
-1.154531089207968320e+00
9.964407893649225301e-01
-1.659506086441386030e-01
-2.973367346587609261e-01
2.055125945438747159e+00
8.476708680797215845e-01
4.570294453627442577e-01
-1.898630610515965322e-01
2.458551593869412744e-01
-1.048903754818348577e-01
1.903480089312978851e+00
2.682042446268418368e-01
-6.703234678469890406e-01
-4.380519626790695398e-01
4.779846360627325041e-01
-1.039752167969941299e+00
-6.925389265484777068e-01
-1.549409985886996077e+00
-2.254417187892690411e+00
2.356575843782800384e+00
-1.416651462474833034e-01
1.862977280785796497e+00
6.517277944631530984e-01
3.762226054711557133e-01
-1.026585243788599167e+00
4.519865860165612342e-02
2.569368133788031971e-01
-8.203084660194422950e-01
8.071681837656207170e-01
1.331659297092547822e+00
5.687576651743871947e-01
3.099652443426025861e-01
-1.627181980356624980e+00
2.893779678819372592e+00
8.556601935560901318e-01
-1.089651585627140706e+00
-1.065872549274830883e+00
-5.826255642576552152e-01
-9.081577287068706150e-01
1.334184132722449345e-01
-7.746279150478609932e-01
2.201259349266017074e-01
-3.633699029353687493e-01
-1.792245536417648999e-01
-1.104276371325997985e+00
2.695014322990415545e-01
3.560127768020970307e-01
-7.331545730506736636e-01
-1.581854912915699130e+00
1.428202029401803574e-01
-1.732965187702427023e+00
-7.238344051845677640e-01
5.406440327023696035e-01
1.338477386375947598e+00
-2.169895823715715655e-01
4.035129154885622738e-01
1.365161698109804700e+00
-9.988948373190005281e-01
-3.762469462164152456e-01
3.492306471806136403e-01
1.394534883751985532e+00
-1.141251173004451447e+00
-1.169068821198978148e+00
1.028268148956724914e+00
1.266162088006911546e+00
-5.857698884462820832e-01
1.085111172766658055e-01
1.018636533375410824e+00
-1.771578985184664723e-01
-1.885929472162463538e+00
2.477696579113246311e-01
9.916133727891291993e-01
-1.248470411333996832e+00
1.344184350627514180e+00
-2.955235170736504324e-01
-1.793966634561295459e+00
2.352665749930969996e-01
-1.522071047374087716e+00
1.402082622970706627e+00
5.086957738211218549e-01
1.819822432375596710e+00
-1.678779777967553732e+00
1.466337223496483322e-01
1.482568666005318114e+00
1.230331367426288347e+00
6.612498628352059260e-01
3.945226981984873982e-01
6.713484243143754693e-01
1.042776098557514963e+00
1.842851619720111023e+00
-1.765279390028002382e+00
-1.012510338099149587e+00
-5.725240052963205262e-01
2.212381510347638247e-01
4.078752869734147413e-01
-3.442572004521010642e-01
-6.197504446737934353e-02
7.901165278303774464e-01
1.229002410895045694e+00
-7.941234182420395804e-01
-2.554868162863094261e-01
7.001675894717923621e-02
2.536148399717705004e+00
-6.616201590628475460e-01
3.214766489544990113e-01
5.860210903695984436e-02
-4.219060100863460949e-01
9.545831079019149179e-01
-7.646021285070710161e-02
-4.932834367066430969e-01
7.031770850105380222e-02
2.710780427327580400e-01
-6.472404041273882580e-01
-7.530419453630907700e-01
1.128114504488265446e+00
-6.042543429150626366e-01
9.173499514952058176e-01
-1.829367910923237750e-01
-8.787435750860337347e-01
-1.177098067075185384e+00
-1.755482321653934807e+00
6.521095539799549590e-01
6.084437600508413313e-01
-4.754727156602123195e-01
-1.150969463599202269e+00
-6.202215348594418698e-01
7.555468705624850123e-02
1.194773058890574502e+00
-7.406776587441071813e-01
-1.788159149221267397e+00
1.341471709002553803e-01
-4.608996908413990901e-01
-9.456891184653681837e-01
-1.991508023377704939e+00
4.731237787724986155e-01
1.319083359759242624e+00
-1.148755627788532463e+00
-1.633723674156433381e+00
-6.828293072965222477e-01
-4.368953197590794701e-01
3.958238573278011208e-01
-4.431414153230450043e-02
-1.869323819421828903e+00
1.259249534420716632e-01
1.434408758764893210e-01
-6.958395072217100630e-01
1.406603771112637513e-01
-1.539631341891287475e+00
-5.184595171293580051e-01
-1.546282438914976520e+00
-1.758819625536659770e-01
6.049999905501037833e-01
-2.154393047731078870e+00
-1.365624634125452985e-01
5.744125132816773061e-01
8.592481465020755660e-02
1.470522488200962208e+00
-2.206334488265134230e-01
2.038509628463860412e+00
-4.839749608765717831e-02
-1.371298620716992822e+00
-2.826476701889081289e-01
-8.203283234231290022e-01
1.087394008195377682e+00
1.520917980630999589e+00
1.608652628587381450e+00
6.716080247485565202e-01
-2.382623687160408676e-01
-6.868761379456318483e-01
-1.239994048800732163e+00
5.880412635403453603e-01
-1.365493075937340262e+00
-3.547979656951810168e-01
1.356809121036518517e-01
3.561827270042204896e-01
-1.501132751925242870e+00
-1.353734377733669447e+00
-1.281803817631593567e+00
7.730336660658945203e-01
-1.242901283034038462e+00
-1.013005737641373250e+00
5.187711474636212960e-01
8.561118789774053717e-01
1.827682182717340620e+00
-8.632138892777940775e-02
8.764800610312848406e-01
-1.862055413007039917e+00
5.771027989388639590e-01
8.210032625403446138e-01
9.343721561606972426e-01
-5.205524096474497542e-01
1.406836116838515061e+00
1.620161775632486645e+00
-5.833083916194112088e-03
4.360555549111361229e-02
-3.529465390015263382e-01
-3.146264875534826033e-01
-1.464424495549128576e-02
-1.308572647031079006e+00
-1.399393207432337194e+00
-2.983695889334802565e-01
-5.528485533095174320e-01
9.446639127128074742e-01
-2.434215066682891837e-01
-9.995128667037954662e-01
-1.830943416015114344e+00
-3.690726165874262388e-01
-1.113209544391668748e+00
-1.846879809597012700e+00
1.904000578822651502e+00
-1.974023542948230903e+00
1.659543037114900033e+00
3.101118102019464917e+00
1.060696018403251006e-01
-4.520950150499852827e-01
6.844561472384028677e-01
-9.071822034469205764e-01
2.009052741435888023e-01
7.822046409346837814e-01
-1.265658854820847612e+00
1.574332776314521842e+00
8.950152739419310610e-02
3.097583249703408925e-01
1.353019024744383403e+00
-1.403302717536782929e+00
-1.256342154148996526e+00
3.127930570271881261e-01
3.977405488686570623e-01
-2.265548574968312412e-01
-9.459166804602840706e-02
-2.350683163585144120e-01
-9.603785728712809222e-01
-1.318073126027632380e+00
-7.419402408889866907e-01
1.301003006618055013e-01
4.457126585366503191e-01
-1.267415378342275467e+00
1.754036894316118644e+00
2.371123024933706080e+00
2.095363821660209402e-01
-8.123002917432978753e-01
-1.830737955137457518e-01
7.977571867538851835e-01
-9.994607670103401731e-02
1.904456145269127543e+00
-2.913572760354687929e-01
9.507113237795771221e-01
4.721196086027147909e-01
2.273757105301627224e+00
4.192120051695982785e-01
4.847704963383895338e-01
-8.576733203816060414e-01
-2.550439945100284600e-01
-1.331850754732385234e+00
3.263650446096145963e+00
6.496624590115158970e-02
-1.932329927693340055e-01
4.416587828398256532e-02
4.150380603394348000e-01
5.768209802602651814e-01
-1.780721398606781802e+00
1.307249162363790518e+00
8.568650236441049950e-02
-3.852012428956086421e-02
1.838921911615097882e+00
2.915043731158507012e-01
-7.802598050482004721e-01
-8.536468331503264118e-01
8.096988147029154925e-01
8.202873959790701885e-02
1.611015140917044508e-01
-1.282000418436466838e+00
1.875254736624240581e-01
-6.574472214686549743e-01
-7.938093577477813856e-01
1.321386661624929681e+00
3.081199821951199902e-01
-2.682979670636065350e-01
1.023539955544636726e+00
1.921737801444562965e+00
-1.515734745731408317e+00
9.725659801322299458e-01
2.775076319488803955e-01
-6.072527400488520605e-02
1.443633523499461502e+00
8.793093712327189060e-01
-4.384968123440594612e-01
1.299432080183995364e+00
-1.718752258828498136e-01
8.818193996981785535e-03
-1.314063117907948053e+00
6.124277704149835161e-02
6.251323818942324806e-01
-3.131620727837843288e-01
4.963575567403413075e-02
1.312061672864128337e+00
-1.321736953215036370e-01
-6.215149208781028944e-01
1.743471942893461968e+00
-7.046962612343352639e-01
-2.406947728563113120e+00
-1.291472087700141991e+00
-2.502726401257774347e-01
-1.218460913576655757e+00
-1.152861663040773088e+00
-4.937402204604745548e-01
-1.766168582189407421e-01
-2.497543983615419794e-01
-3.115697517635540505e-03
1.115851463238703101e+00
3.358798096232399111e+00
1.218437849579446564e+00
6.938432714755801145e-01
-6.718139490873469288e-01
1.129961060484069579e-01
-1.054484480440544214e+00
-3.554462524332163611e-03
-1.089966030451085865e+00
1.114077166193074175e+00
2.151053048835719128e+00
9.955816703620560260e-01
2.727243632509105176e+00
-1.110630026593466102e+00
9.137223374197418480e-01
-9.299161751052330283e-02
2.007998165025221271e-01
-1.063767804784858217e+00
-3.253752830896584208e-02
-7.768432801027638779e-02
-6.888320682826656327e-01
1.177438062045927047e+00
7.893659051364834145e-01
1.231510844240987890e+00
-5.120366803685219015e-01
-6.446849432877868047e-01
-1.161103723441297086e+00
8.663549488878852234e-01
1.006287100149901859e+00
-7.885392454207025906e-03
-7.025251069875689813e-01
1.151818725799736570e-01
5.179376381932647710e-01
5.569870322662919815e-01
-2.355320554370782804e-01
1.159502461678659779e+00
1.336169553883745476e+00
-8.763670377297700931e-01
3.449411737995718430e-01
1.055490961908108066e-01
-1.283160621376827848e+00
-5.438962303459162761e-01
2.906501661297847816e-01
1.235629976019412934e+00
-6.936100479261672058e-01
-3.612459164212518670e-01
-1.859822354601408101e-01
-4.013025487649407030e-01
-1.429263777643334343e+00
8.743130575964941364e-01
-2.037776219239930686e-01
4.811069469462115333e-01
7.176527269249999286e-01
-4.157929065911040722e-01
-9.650964005013351610e-01
-6.821892483488217751e-01
-4.947892064984267813e-01
-8.180705030960311319e-01
-2.907667842737325925e-01
-1.422411518190637159e+00
-4.408334248386441834e-01
-5.897108143687154191e-01
2.689738772158308255e-01
5.225098277818199799e-01
1.847322749930728536e+00
1.230466708640598261e+00
7.272544893109956776e-01
4.606856246520300846e-02
1.118638794441642464e-01
4.226373482882733179e-01
-1.741973947146731039e-01
9.417334540380364882e-02
-8.034763948031746761e-01
4.391404074118949730e-01
-8.547051042296986978e-01
-4.163668963703861525e-01
-4.885155102699966778e-01
2.628069576152625153e+00
1.867076889000245377e-01
1.046423128246354306e+00
-1.188311187600022967e+00
6.470491282441889203e-01
-2.269296833676693048e-01
1.004173826134667102e+00
-3.244973709723030231e-01
-1.084898665190949796e+00
8.364019345940107986e-01
1.128514344667503333e-01
-1.254783359894943162e+00
-2.986299333188594668e-02
-8.842739297907290519e-01
7.682587014636207412e-01
1.536511462304427089e-01
4.325823834234904242e-01
-8.844926937070790585e-01
1.419496383221996894e+00
-5.085264674526625006e-01
3.772196722169464667e-01
-1.662813608482608674e-01
1.538614538686459421e-01
-1.154575436784309517e+00
1.538753950732446307e-01
4.746902008115042593e-01
-1.208712142095039077e+00
1.114932981392434908e+00
-9.231389586081014675e-01
-4.851433453414787378e-01
-5.628978131210772284e-01
1.244424362246536298e+00
-4.437972289386027946e-01
-3.582675383959246784e-01
4.049303248053772730e-01
2.257377510261792397e-01
1.227666785389395221e+00
-3.492867984154320316e-01
-5.368369453813929271e-01
-7.235594953347886937e-01
-7.273872880762517479e-01
7.857040281930489645e-01
5.782148561296295286e-01
-2.737501367282645925e-01
-6.975760958612142737e-02
-2.158099072651082917e+00
9.011863246344788969e-01
5.209287275182562515e-01
-2.061690607629000027e+00
-4.972605301827877078e-01
-3.114332138880560388e-02
1.512463868470879547e+00
3.267889092528445394e-01
1.321692401511632919e+00
1.655397453293356191e+00
8.016854896527705332e-01
-8.842114436224981500e-01
-1.269248686999515430e+00
-2.226740324410165783e-01
8.493884707518974952e-01
5.081265389215071648e-01
-1.232565946258819656e+00
8.031693219505274817e-01
-8.279043776998761262e-01
-3.135078899501489991e-01
1.096323651184595516e+00
2.046449200483127506e-01
-4.545653977385845645e-01
-6.895835044321541041e-01
1.467778239485892089e-01
3.540711307985450196e-01
-7.163136708952497211e-02
-6.993882966557597447e-01
5.483383121185374520e-01
9.292752881826833455e-01
-1.048197519742518624e+00
7.289764276254683262e-01
-5.337158051339129239e-01
-1.747251700080579562e-01
1.046183454156796477e+00
-1.155351867882086214e+00
-4.263908343235237042e-02
1.787980345207277777e+00
1.550851474589388213e+00
-4.793295223875150279e-01
-9.980045315306910192e-01
1.362234105084583202e+00
3.332660744513443185e-01
3.688150330386115172e-01
-1.456401377307163569e+00
1.924567555031418686e-01
-1.451741232873718923e+00
-1.809589425917189631e-01
1.939958216873455044e+00
1.342315411690585991e+00
1.685242284248842148e+00
1.464021566878241087e-01
4.806783701330485381e-01
-2.996799085918446237e-01
2.119179156284405785e+00
-4.270984761578202060e-01
-1.335286212628479241e+00
-3.763890187309858470e-01
1.152565870540182669e+00
-4.435154907722234641e-01
2.800497119345716213e-01
-1.359544068956962892e+00
-5.857261422415608321e-01
-1.253268842506687797e+00
-1.072350517303634732e+00
-1.997177087444543808e-01
6.396509542575337104e-01
1.992071847949152152e+00
6.205191971040476817e-01
-1.048415047785693055e+00
-1.064728748408293679e+00
-1.494741405386088351e+00
-7.928598588131291480e-02
-9.487794480111203521e-01
-1.991197016338945580e-01
-1.114616675001120161e+00
1.606494447214959598e+00
-2.764270371437057006e-01
7.800386573592550388e-01
-2.576527911041133212e-01
2.328915704713759638e+00
-1.396657946219743707e+00
6.022138956357842021e-01
1.471115561625192525e+00
5.865991241463430067e-02
1.072793467858755623e+00
6.344839809190988555e-02
1.263374765280837364e+00
1.002294940900105014e-01
1.904188128319191042e+00
-1.436780065003243179e+00
9.328439020320965502e-01
-3.494382924176323013e-01
-2.709361874667244319e-01
7.358654253085520347e-01
-4.834973030602091049e-01
-5.246543758890839237e-01
7.380389825215269983e-01
-9.830310988822927865e-01
-1.068730402952072223e-01
1.193552772833236020e+00
-6.914200432982993139e-01
1.371409788514190931e+00
-9.559898698898846581e-01
3.825619179164910233e-01
2.112601018609908399e-01
-1.297775490112614616e+00
9.048823369358054425e-01
-1.332088916627976793e+00
1.519251323490743655e+00
1.656177125480235990e+00
-5.465591677505250434e-01
1.707024732675342105e-01
-9.344029738491249626e-02
-1.371342665400148597e+00
-7.673856398840359638e-01
1.797664103957524392e-02
7.623356149007841365e-02
1.348621208572072128e+00
-3.946428471219218803e-01
-4.780880243107972216e-01
7.710036492336844738e-01
8.763482948308244369e-01
-1.526491971709625084e-01
3.100916558975772008e-01
-4.963558636164141502e-01
-6.940358227229045940e-02
-2.060516721878070889e+00
-1.701768558881207261e+00
9.630085261463030566e-01
-5.623788323280333179e-01
-1.025542750352866017e+00
6.016288358336112641e-01
2.188963128449385120e+00
1.144457400872838093e+00
5.334899879480563545e-01
1.162301176532655744e-01
1.972961093431039981e+00
1.891578629421753810e+00
3.847645527571217916e-01
-1.965463664489525697e-01
2.677676930973219016e-01
7.019588064202959554e-01
6.390252873846270429e-03
-3.584432682923267555e-01
-4.648095601775789065e-01
-1.341137085088611069e+00
-1.394652631728668102e-01
4.096970421419480202e-01
-1.225775961759955290e+00
-7.784327805005617495e-01
1.079335621321250827e+00
-7.430080693265381786e-01
4.620821549804816075e-01
-1.050801919013571339e+00
-1.911062773692063788e+00
4.165243780568679277e-01
6.660128668364884152e-01
2.670646185420303964e-01
-2.271269342532664798e-02
1.493310730306939282e+00
-2.833878240422499917e-01
-7.861762725266092655e-01
2.687139718578205327e-01
1.072672253850987856e+00
3.501250984391289234e-01
1.051749981691469715e+00
1.565205707523982914e+00
-7.780018055336185290e-01
-1.214763730730768904e-01
-2.552041366564017921e-01
5.957858904009211143e-01
-1.614923888445674249e+00
9.719853525567034858e-01
-1.395913610703634289e+00
3.807792773629355976e-01
-3.332824964665990208e-01
-4.601385748131597286e-01
5.469403234430194605e-01
-1.252633098570925085e+00
5.775612866296196968e-01
-3.444089376929729274e-01
-1.387386266460408635e+00
9.797871043806365421e-01
-1.246558215440849882e+00
5.929469743705217954e-01
-4.229515008916935326e-01
-3.919029930887502067e-01
1.357121944504479982e+00
2.776532479002311038e-01
-2.460215238375775271e-01
8.629171786321113702e-01
-4.831092156122600012e-01
1.567491530844940861e+00
-6.347331816743823074e-01
5.120284314672101100e-01
-5.893406123880088332e-01
6.821305655159172199e-01
-8.983702934221444725e-01
-1.149768755388034802e-01
6.900061050985999422e-01
-1.326914636062464403e+00
-2.234790124687440205e-01
3.709960337307242062e-01
-5.316857152801337527e-01
-3.938369537773867557e-01
6.404386831700403793e-01
8.155290898681792910e-01
-1.620178890225390189e+00
-9.439479155416338196e-01
-2.679811849430193238e+00
-1.249751807975148926e-01
5.277691144385988631e-01
-9.608045037992255510e-01
-1.301713266376729461e+00
3.385989052887200534e-01
-6.255818714232630473e-01
1.951449977100756739e+00
1.370988633896176756e+00
-1.957428892255613340e+00
5.798378175192687722e-01
5.584322613706124150e-01
6.114377389597476231e-01
-1.324624551569558439e-01
-1.560079242235589359e+00
4.662736543548587007e-03
-6.383089069528797843e-01
1.676153302474230777e+00
4.771429998264445915e-01
1.161409102760726064e+00
-1.154514709378204440e+00
-1.072267962769394428e-01
-3.413481804580658086e-01
-1.006387890842383781e+00
-5.881174192758170660e-01
-1.681560018496302655e+00
-2.708259376395507831e-02
-1.059019476497516932e+00
-3.513906226025709234e-02
2.129070592968110298e-01
-4.359701616221478560e-01
-8.986193911213437024e-01
6.299885179314832495e-01
6.056471123870635909e-01
-6.810586051738825031e-01
8.485695254699192613e-01
-2.814827071219692112e+00
-3.410118692775773730e-02
2.889410249134408137e-01
-2.117196826275311861e-01
-1.839699204123615317e+00
-1.820605392106968423e-01
7.755157162912560409e-01
1.301693930843019764e-01
-1.471642798290269116e+00
-8.845828479144000889e-02
1.596412516586656949e+00
1.133740942410030428e+00
1.372011860357267743e+00
-1.706242384238232657e-01
6.564082508818740447e-01
-1.148626931355192504e-01
-1.709242632147288665e-01
-1.148428386229585207e+00
-5.250517792441494747e-02
9.564154053858296978e-01
6.567523696343703643e-02
-1.902731390144435597e+00
5.207753789343667616e-01
-1.161932020254558440e+00
4.666124419829439374e-01
-8.560257611644064291e-01
1.506986802487140231e+00
-2.556256932056008013e-01
9.933012407085797246e-01
-1.468952494204524450e+00
-2.343948734869629180e-01
7.910360630647769731e-02
-1.458347004921826340e+00
-6.270750054626670345e-01
-5.961989032457293280e-01
3.625077827220558185e-02
4.211459409994973598e-03
-1.716451157785246817e+00
1.108706567237259577e+00
5.657621727105844878e-01
-6.634829819020783281e-01
9.076812446373920817e-01
-2.926602151519691053e-01
-6.386089364525053824e-01
-1.394864210687392081e+00
-2.682952817271973878e+00
2.326984895849026069e-01
1.071064907511628306e+00
5.685080384215057681e-01
5.679588902761580904e-01
1.895454621849929744e+00
-1.520841562404136260e+00
6.713685387237873226e-01
1.970142678429234184e+00
-1.544856100784714192e-01
1.920014136093967982e+00
-3.122843706839719125e-01
-5.657578445171944637e-01
-1.901087016489672266e+00
5.957317533287793676e-01
8.547417263745999971e-01
6.183791898890769190e-01
2.643757993898201430e-01
7.842990470220010391e-01
-1.318894957968003712e-01
-1.658600467542205914e+00
3.435699973730529933e-01
6.124516129625554584e-01
2.791194115145179122e+00
-3.848703538722702544e-01
1.910239460788781540e-01
-1.705455954330889368e+00
-1.732812785065098504e+00
-1.112327197933747902e+00
1.509678881156169661e+00
1.728024138076472427e-01
1.066250882367628661e-01
-4.871061927931353841e-01
2.701690850155649692e-01
9.058269592540998394e-01
6.237869901279301521e-01
-4.329762615163160189e-02
2.108366178859835127e-01
4.200713308913752164e-01
7.281186549846578870e-01
4.066388624461923507e-01
-2.497975930710341907e-01
-1.370175486097409578e+00
1.474058826888303142e-01
3.484088205090674767e-02
-8.640554601069189156e-02
-4.181444605918245294e-01
-1.143818586402152171e+00
1.053572930111514871e+00
-6.719908265789439339e-01
-8.450557464083341408e-02
-4.981416221209281070e-01
-1.313312372036463449e+00
6.506105466179652463e-01
-1.590479096304708628e+00
-6.248229593166664680e-02
-4.717088789706733731e-01
-3.696466318262583983e-02
-1.062621065941837584e+00
9.603168728093726125e-01
1.239517685815069381e+00
6.448112994073564863e-01
-5.462618600792543688e-01
-1.391771648599209543e+00
1.976950497494096792e+00
-2.019884598979322821e+00
-1.270504856130938887e+00
2.910456187918509241e-01
4.559335020333515343e-01
-1.231723153769076262e+00
4.141537610545410475e-01
-1.459173503267571004e+00
6.631432783839954492e-01
3.601224808403815647e-01
-4.941926883349629512e-02
1.044091114422706745e+00
2.993335682822129695e-01
-2.366642944255886061e+00
7.707322291746789844e-01
2.604847983307450598e-01
9.542880038305575630e-01
-2.329420541651109067e-01
7.630391403470525580e-01
-3.342873481060907315e-01
4.475880627716979365e-01
9.173842942190014726e-01
-5.291949754619178492e-01
-6.099455610959183538e-01
7.788949585293281075e-02
8.229001035420608900e-01
4.017037061052573521e-01
1.997044806029833475e-01
7.207374889674965646e-01
4.121844593760818909e-01
-9.866967215723720930e-01
1.380143782544795750e+00
1.315196150636048777e+00
1.102387365061564761e+00
-1.653985726562537950e+00
1.274798287594957058e+00
-1.045042409664263205e+00
3.892347439002700332e-02
-1.488968525692712930e-01
1.671759026663206527e+00
1.006723399424530818e+00
2.727618291146268609e-02
5.118171751996116736e-01
-5.664018819323516363e-01
-1.033560952968855196e+00
6.906249321395129259e-01
8.074615549947450344e-01
8.338497366184544068e-02
1.610100310665353307e+00
1.848222399230291746e+00
-3.765098712642000467e-01
3.339472656961701702e-01
5.729079433876879124e-01
-1.814326829501915039e+00
1.238485750027812360e+00
1.077166355190436908e+00
4.884716729775699928e-01
7.885192988906820910e-02
-2.647880739880957846e-01
1.483756115171314782e+00
-5.055378215594324987e-01
5.162185139249896304e-01
3.104418435758218506e-02
1.404247934063912462e+00
1.583599905635221239e+00
2.522857725903898118e-01
1.265434816843735988e-01
-1.094691724285441703e+00
-9.373788390375339397e-01
4.542151150882863808e-01
5.286317532498375771e-01
1.186240660397821500e-01
-1.114128517516500771e+00
-8.786467958091856989e-01
-2.817720233421007858e+00
-1.343792779811895655e-01
-2.523049271243363201e+00
-1.948919597223061073e+00
-1.040930074037131003e+00
8.948113516862987726e-01
-1.280846919616462909e+00
5.129651398179370103e-01
1.808222175735687554e+00
5.871422934051288012e-01
4.512310869025975002e-01
-1.322091341011299326e+00
-4.694674506077742837e-01
-1.802552975745987940e+00
4.802685383895128335e-01
4.066945403229076383e-01
1.278607351843965345e+00
-7.427135926043171299e-02
2.030015533025152363e-01
-9.802864587980767430e-01
3.016477765680415923e-01
1.100655688387306874e+00
3.905641374796712251e-01
7.117522940473719473e-01
1.156416052334898956e-02
4.053937062482880771e-01
5.929995486284445061e-02
-9.144997738125067999e-01
-1.282384655405635621e-01
6.944195363952297972e-01
2.995352826590749196e-01
-1.547418143402577995e-01
-9.034822035500579274e-01
4.837878020809104895e-01
-5.566104264470775886e-01
-2.385899860098609493e-01
6.040616935623468464e-01
1.035942746515944091e+00
-5.886784904666106932e-01
-4.223978486367487295e-01
7.199632869985049810e-01
-3.080808951065776014e-01
1.680194818899251707e+00
9.480356244462019299e-01
6.799621925334546624e-02
-1.098874724155386673e+00
8.049272554684422376e-01
1.696035470003441070e-01
-1.515446991920792907e+00
-9.152778894335830140e-01
-2.080542722789330834e-01
6.305985341216400197e-01
-2.009112582107027922e+00
-1.768648280092215419e-01
7.671492502115313805e-02
2.150699780975537045e+00
1.945269079281385649e-01
1.441002433748709288e-01
-1.048276371417952019e-01
2.614058192374440481e-01
5.245893450847403106e-01
-2.942590497556590856e-01
4.039711937808969644e-01
1.791048273598744078e+00
-3.198554236145033647e-01
5.514788776722345798e-01
1.837398389356630357e+00
-8.170489612280454894e-01
-8.543959017888982932e-02
-7.004185397617584963e-01
7.871212949190697916e-01
1.048612872032582022e+00
3.904260406567618413e-01
-7.997945882378432181e-02
-1.291870069265201315e-01
1.355899101605656243e-01
1.070177534635595284e+00
3.448550110910929001e-01
1.467468318684117090e+00
1.965534270336142475e+00
-3.018465413737868586e-01
1.660165446608135920e+00
1.307450627701202128e+00
-5.802991886728740140e-02
-2.310485806486575200e+00
-9.804843018628163209e-01
7.255794188270474621e-01
-1.865328039954435191e+00
1.299939176721703227e+00
-8.798194402687362636e-01
2.250168430762351512e-01
-6.963089961626310886e-01
-4.578874305246936061e-01
1.713101114802949299e-01
-1.247427686956178228e+00
-3.129581808618613348e-01
-6.009479925320384552e-01
6.793968456298622449e-01
-1.064751530118420275e+00
1.998319519297062863e+00
1.653876432032918897e+00
-1.275545475644151994e+00
-1.327232770931094930e+00
-5.832659871678042007e-01
2.800348658121498691e-01
5.373682265531669611e-01
6.017647818541618232e-01
7.900967650609038717e-01
-1.152956552028410603e-01
-1.212377454965066104e+00
-9.787561540481120037e-01
-4.346686352741165327e-01
-8.342006722933704710e-01
2.328252710737423126e+00
-4.734597548846880000e-01
1.190410950671894508e+00
7.187705110824548216e-01
-8.587558361183573741e-01
-1.361833368936686384e+00
-3.478841071607509661e-01
2.826287898361974915e-01
-3.626892234664392811e-01
1.055664346099867590e+00
-6.549848057438382165e-01
-6.644488908741991162e-01
2.531399056288413107e-01
1.964410451431826798e+00
7.952229587325599924e-01
1.818939775700689543e+00
-4.303046414045430534e-01
1.103446368557327029e+00
4.965997652654421946e-01
2.481386599081758515e+00
-3.271139465224164322e-01
2.928008043227194879e-01
-7.646904195475312527e-01
-1.062694546615785107e+00
8.409021217758145816e-01
6.348141249229894978e-01
-8.547057740630987777e-01
1.078308313276814312e+00
2.535266385593184721e-02
1.630317434702380774e-01
2.022050665530956692e+00
9.507822454709499160e-01
1.300842977316178040e+00
1.736908360329017409e+00
5.388734929927238015e-01
-7.086697525846914758e-02
1.693769544582879982e+00
1.938702025185812916e+00
-1.243195876832691837e+00
-6.219507502902835716e-01
-5.631267141212064065e-01
-5.801556289679344891e-01
1.532788048562466088e+00
-5.819683660558362670e-02
1.376296051926321692e-02
4.859222978611303922e-01
8.556121605323920853e-01
2.542292317958352310e-01
6.334621177161994243e-01
-1.125174561905944337e+00
3.474369264351077069e-01
-5.638772724011721360e-01
2.070242458926395690e-01
1.525635693732082965e+00
6.097625956128152058e-01
1.546007435229596605e-01
1.517211658123582607e+00
1.999116535961696473e+00
8.092735414184352161e-01
-4.956819293232955226e-01
1.678377028378707392e+00
2.690095054575347699e-01
-7.061413770738048656e-01
6.811241012500679481e-01
-5.112565140882894266e-01
-4.613918679666094702e-01
-1.071129341729649465e+00
-9.464779656933540730e-01
6.876353603680607218e-01
-2.488628444361713932e+00
5.809269108340842092e-01
8.164531464814469564e-01
6.852741889860928248e-01
-7.841324679836160494e-02
-1.221597374025487293e+00
-7.901080440665292359e-02
5.955292609315077090e-01
1.291679372078221588e+00
5.742053118217003288e-02
-1.988704126165883546e+00
-8.013263370195852220e-01
-1.163723147231791710e+00
5.467898072018397837e-01
2.764142428896173009e-01
2.315580031100894151e-02
-3.420856237466961547e-01
-1.931217289673589743e+00
-4.168068239366573002e-01
8.968830779503795814e-01
-1.153257122588488892e+00
-1.030016310441028038e+00
-1.533844049504619944e+00
-6.010753226067472310e-01
1.497015756985890511e-01
-1.995838132430913792e+00
2.016043229523614144e-01
-1.171213661368950998e+00
2.043694022130679855e+00
-5.132003812786958274e-01
2.140565809743537051e-01
-1.892682790345765920e+00
8.141866923966097902e-01
-4.443777936285613073e-02
-5.257718330151456287e-01
1.344396836698180886e+00
-2.259460688976925868e-01
-5.004853836416746082e-01
1.341011027886901186e+00
-5.552300117575205141e-01
5.336508850375503155e-01
-7.209813882725149004e-01
-1.168865688686772319e+00
1.466776169006948072e+00
3.036867882732489088e-01
9.671698947964010307e-01
8.864454301732570540e-01
3.516784319246828161e-02
4.392568265689542062e-01
-5.195055484859549821e-01
-5.335399689008056834e-01
3.291059620843017619e-01
-2.106382055195429537e+00
-1.200971928327901478e-01
-1.053058229027407755e+00
-8.050822984915509406e-02
-1.151371153965790928e+00
1.221392581112246134e+00
5.934089685662871094e-01
-7.326649890974302748e-01
6.091215954180195791e-01
-2.010963243546678214e+00
-1.517902108104014047e+00
5.205534628721427692e-01
1.624266682533671347e+00
-8.684629434670758374e-02
7.280684948804103662e-01
1.805570578970365769e-01
1.610550467654236151e+00
-5.459561863893048761e-01
-1.607815305217287882e+00
-8.014691100182476102e-01
6.295459558624388885e-02
5.489162578930876224e-01
-6.793390569821026181e-01
1.098569023857049576e+00
-1.548831555003103766e+00
1.955387036729719086e-01
-1.049986315204683329e+00
-4.504271945750987216e-01
-6.047346094440685382e-01
1.054633216126760642e+00
1.564852190306107671e+00
-2.225790493660109171e+00
-3.914373061694211842e-01
2.894651227875249533e-01
-9.215011142976554659e-01
-1.701735928309777712e-01
-1.134644895281086141e-01
7.573605436689405668e-01
-8.100003305204058757e-01
7.640323832887720990e-01
-2.174070473229244849e-01
4.304066995726731071e-02
-6.566786829608712850e-01
-1.188264324320156967e-01
8.721350020235897615e-02
2.520730948989831965e+00
9.800469112887165712e-01
4.110529600513941895e-01
1.503996226112662427e-01
-7.495698088216989907e-01
1.119026821005070893e+00
-1.153063468817915105e+00
-7.115924589339762685e-01
8.811785420758798670e-01
-5.662724149008016017e-01
-9.317203347156395310e-01
2.727246527691536748e+00
-9.906591683842833618e-01
-3.320865862460332107e-01
-1.322297765051787533e+00
1.709055546234414247e-01
1.058189590014573467e+00
2.619332149398371890e+00
1.333563806436193655e+00
6.008250125883711767e-01
3.265605202780531846e-02
1.223757404146446293e+00
-6.423651803454110375e-03
6.821072762502061737e-01
-1.331135389252348311e+00
6.396153259489587573e-01
-1.275045456757965878e+00
-2.652686946849291960e-01
-1.721483514187469810e+00
-1.178894907913384582e+00
1.576387549776960162e+00
3.594470746619055079e-01
-9.148244044214034476e-01
1.281870285982491531e+00
-1.991923219471268158e+00
-3.050699703924278361e-02
-1.216987072799556868e+00
6.381856306665445455e-01
9.082910288982601887e-01
-2.660671354952678369e-01
-3.473658464400735113e-01
-6.339185091213561662e-01
1.051654051870814621e+00
2.830694406330772073e-01
2.011480677768569869e+00
3.768921355236152793e-01
2.254710901709445769e-01
-9.588647852341127820e-01
-9.955435887076968804e-01
7.429703509055203270e-01
-2.389014603631920419e-01
1.098361723333542317e+00
6.751267314273908804e-01
-5.251204363433802369e-01
-3.504777678141334230e-01
1.141526315991524321e+00
9.792227346361688234e-01
9.588368128705856419e-01
-7.895305898095387187e-01
2.752430391042928748e-01
-7.015005723030185436e-01
2.388824045150333752e+00
-2.204103362756396345e-01
9.434736851461564267e-02
-1.789908663866235927e-01
-7.715348841833443716e-01
6.336020222246543376e-01
-4.801834314610552434e-01
1.889534139693830606e-01
5.995817690416774814e-01
1.174025898357761721e-01
-2.945420744366753496e-01
7.514501329527244478e-01
9.522375165510052475e-02
-1.152484622423413763e+00
-2.208816633242084215e+00
-1.217162694177180260e+00
8.556686086928895485e-02
1.255463369301712095e+00
-6.865808126419584712e-01
8.531272893781126354e-02
-1.125991669980064946e+00
7.402929461637374198e-01
1.719470727977715718e+00
-9.354094109335788776e-01
-1.198910137008753207e-02
2.044478796169105106e+00
-4.923942509880679941e-01
-8.733519163972323085e-01
-1.266180041191246677e-02
3.165874047923643020e-01
-2.469853913037897974e-01
-5.897977643535186332e-02
1.106913085388835150e+00
-9.256628951341177025e-01
1.147711620150874134e+00
-6.179842698605518825e-01
9.410705548283594402e-01
1.254503861952045884e+00
1.057302413082960441e-01
-4.646224570265041764e-01
-1.127435620440595310e+00
-1.401855022791496763e+00
6.955550813829390888e-01
-1.731337071555029139e+00
-3.452107902554471530e-02
-4.355625090396553767e-01
9.588334796772922664e-01
-5.709263388008340989e-01
1.286570634462676388e+00
-1.643291740444894067e-01
2.045500690610223327e+00
-3.783591301470894397e-01
-4.227744826061703431e-01
-1.016258947972300541e+00
1.164410227509324880e+00
-4.507732426178853169e-01
9.612126408116271614e-01
-4.300486121066620648e-01
-1.394662005837349339e+00
1.362283540048992103e+00
1.172600184648172394e+00
-4.103042604774791990e-01
9.221877854287746645e-01
-1.913928816162594693e+00
7.427454687773829001e-01
-3.279211079410028207e-01
2.476469888416981957e-01
-2.648234912008299857e-01
1.531560927185800225e-01
-2.414296977433586788e-01
-5.166906323498797748e-01
-1.342514128710476096e-01
1.866905631715877201e-01
8.520963251844283493e-01
1.948646558467476420e-01
-6.391081594312970626e-01
-1.913176596679812824e-01
-3.551450011967484111e-01
1.847982920989742928e+00
-1.264411896129709056e+00
1.778559304289776266e-01
-1.148595811861193194e+00
5.152667180448283757e-01
-5.802577707780686156e-01
5.818624219547738168e-03
-6.047052459630187782e-01
8.334812560030079309e-01
1.208318499733087803e+00
6.015327276926278888e-01
8.230289908428537471e-01
3.799663195031156016e-01
-3.027718824103780904e+00
-1.072418340665578063e+00
2.673216290370215575e-01
-4.590214444626298240e-01
-1.488333098421261935e+00
-2.044382791378273279e+00
-7.518108716389551027e-01
1.582860523668612629e+00
-9.330236028021680061e-01
1.140886072551437369e+00
-8.017788984845622968e-01
7.664843460092731764e-01
4.363063564379294768e-01
-9.592236834881973095e-01
-7.847673275249266167e-01
-7.196692888475324512e-01
5.309172524302968599e-01
-1.609272337149664667e+00
-1.227525302877329610e-01
-7.044839654538971319e-01
1.638755294100896709e+00
-1.300964712461133432e+00
2.988790767582222285e-01
1.363641350276045550e-01
1.372567758560566009e+00
9.639603929074287425e-01
-1.593100596123282031e+00
1.668461255960181244e+00
-4.356019223626336756e-01
4.348361412156828143e-01
-2.429488913668782946e+00
1.440414166390022510e+00
5.193686694249458752e-02
6.702161160122199757e-02
-4.662536061017684696e-01
1.166695871669724882e+00
-2.918097593016138358e+00
-2.433486869618437243e-01
-1.004984915796430789e+00
-2.206396336079948228e-01
1.388517871863728992e+00
-1.055115478924270045e+00
-2.839266043259328631e-01
-1.350444317217581736e+00
6.682999092759688287e-01
-1.848165826288271918e-01
1.079678196829478631e+00
1.745595644244251954e+00
-2.351889921972197595e+00
-1.997468851426631664e+00
-7.743887344384379201e-01
2.426178630368384589e-02
-9.146900183102221193e-01
5.523960921501283039e-01
-1.430213640619100168e-01
-1.474239657519891278e+00
-1.112905316347776591e-01
-1.068799935175341664e+00
-1.367284715400842288e+00
-3.029658648868062132e-01
-4.018843414565661520e-01
6.160449911361391973e-01
-1.590477831123254138e+00
-1.756360933072067976e+00
5.570906016636409941e-01
-3.643223650389496582e-01
-2.287367180434636826e-01
-3.163661490781786156e-01
-1.662831390208151072e+00
-1.338089467869679083e+00
2.303023021147070082e-01
4.687935191377227279e-02
-2.949900077323816538e-01
7.437521371720990926e-01
1.436774337143287061e+00
-2.012330943995168375e-01
6.163350364135310455e-01
9.904621646951178304e-01
-1.316167424428271726e-01
-2.124146123515149032e-01
-1.167667234053262115e+00
1.047203525786537970e+00
3.923423217942379471e-01
9.230686929466526414e-02
-6.853352955673659430e-01
1.019195194280572370e+00
-1.640903800060853124e+00
6.728223108069952829e-01
1.109374389963133867e+00
-1.121092724874933472e-01
-1.064387637481072568e+00
-1.081443688863104047e+00
7.931861883266263513e-01
-1.840268914805125999e-01
7.106405876956579659e-01
-7.566415242461322910e-01
-1.243516052650501358e+00
2.767438629423265350e+00
-9.758124768164221363e-01
7.555086222505534854e-01
1.105963339934758372e+00
8.155186453773034805e-03
3.043051911048593183e-01
4.227695795054071115e-01
1.823228824512565183e+00
3.668458769790756274e-02
