4.440572545617823863e+01
4.502592053978237630e+01
4.605890080773567519e+01
4.734520610807905427e+01
4.879984302361662429e+01
5.041847371805601341e+01
5.228387315945340674e+01
5.451104873288460340e+01
5.695819818074608065e+01
5.855489249366575422e+01
5.890522254879734021e+01
5.781113048593699943e+01
5.527139407647288039e+01
5.149704605314207839e+01
4.831648410031354501e+01
4.562709558829884315e+01
4.294296974054973504e+01
4.102364144672867496e+01
3.946392460577398964e+01
3.814382866623603974e+01
3.702967113600290361e+01
3.611211821208442529e+01
3.539724016740963464e+01
3.490345212948685827e+01
3.465048577975890254e+01
8.691203462701697902e+01
8.849002231705310351e+01
9.104993774755459413e+01
9.416498087121115645e+01
9.758277818126229874e+01
1.012270472092429827e+02
1.052103720709700667e+02
1.097667784170339900e+02
1.148098371746382469e+02
1.180655771820576376e+02
1.188056939408913735e+02
1.165445079472785324e+02
1.113921552322149751e+02
1.035287769275089858e+02
9.667053686548599956e+01
9.049695627057442948e+01
8.461305506978101221e+01
7.979825876647967675e+01
7.572717664270528815e+01
7.220704477106643537e+01
6.919345428676049892e+01
6.667920561837151183e+01
6.469617919630279346e+01
6.331420941583451167e+01
6.260255547722955072e+01
1.230629073611857223e+02
1.256472330595031224e+02
1.295342736641557337e+02
1.340441494442611940e+02
1.387643420664366545e+02
1.435184381649739294e+02
1.483971643707243970e+02
1.537936215897717886e+02
1.603901913211435897e+02
1.647481175717874748e+02
1.659561112743671174e+02
1.630183992170155705e+02
1.563858838359243180e+02
1.465175525967405576e+02
1.379128940687213856e+02
1.297953324622286573e+02
1.219133945107160599e+02
1.151181656565064344e+02
1.091788586659886420e+02
1.038794295713781963e+02
9.926753625805034176e+01
9.535196535400642404e+01
9.220251563375434500e+01
8.997849781636519140e+01
8.882490953573561399e+01
1.529541339347001667e+02
1.568828892386845837e+02
1.622002151035829343e+02
1.679466168908587917e+02
1.735891429042112861e+02
1.788762290807702016e+02
1.838612989194233194e+02
1.888863251651252710e+02
1.951353370150549722e+02
2.015380063340860488e+02
2.038412289429061843e+02
2.002064849055726086e+02
1.918988364476915365e+02
1.823250790705316149e+02
1.733534455677651920e+02
1.642809451739814222e+02
1.549944357782419786e+02
1.470499998468754939e+02
1.398649694146359366e+02
1.331117975074159006e+02
1.271663679026313218e+02
1.219942522496053243e+02
1.176935810643640110e+02
1.146042106234445441e+02
1.129882952637899507e+02
1.766745626901328592e+02
1.823756577932336427e+02
1.898389828364344396e+02
1.968844207097829155e+02
2.032575216410186556e+02
2.087648517803695256e+02
2.136641879132878614e+02
2.183483541544115951e+02
2.231977915159605459e+02
2.277290217480981482e+02
2.297372647680327304e+02
2.269589471969700583e+02
2.213055600979149631e+02
2.137447019360526781e+02
2.043169585501909751e+02
1.941457889529334295e+02
1.839968527120613544e+02
1.758943026954106301e+02
1.680202132871333731e+02
1.599219420299290846e+02
1.529176252490372576e+02
1.465897945269557283e+02
1.410093198286685947e+02
1.369481405345807730e+02
1.348112852306759635e+02
1.938418700492168796e+02
1.984976897806333511e+02
2.079612223930362234e+02
2.158589298975820725e+02
2.219255135028517998e+02
2.270437934581472916e+02
2.314260046473706325e+02
2.353746618198637748e+02
2.389938032916564907e+02
2.420030348536983524e+02
2.435271928541299928e+02
2.420567581861579072e+02
2.384201110675068662e+02
2.328474962962622783e+02
2.245093459952630042e+02
2.147546349705069133e+02
2.093268733790438887e+02
2.025300657985336557e+02
1.940936370164885716e+02
1.843382148101268285e+02
1.767453949818413150e+02
1.693196921150091327e+02
1.619801649006938362e+02
1.567403204287988387e+02
1.539749364203164248e+02
2.004674410975553656e+02
2.068027681997060370e+02
2.160048639379810993e+02
2.234351404168842237e+02
2.292156710673959026e+02
2.339789884790321537e+02
2.381213425892939028e+02
2.418388935753944793e+02
2.451719525704203022e+02
2.479163816976523549e+02
2.495416620909228982e+02
2.493813379828004884e+02
2.471501188893101926e+02
2.435307411338972088e+02
2.384322202913724595e+02
2.318512186776262070e+02
2.265690253529511438e+02
2.197201959708646655e+02
2.107271893599992438e+02
2.057668874950198870e+02
1.991567305127964005e+02
1.905729822608440998e+02
1.801331949600194946e+02
1.736513345651470672e+02
1.701316900180398193e+02
2.026624644139573661e+02
2.080941912960127524e+02
2.161402539074467484e+02
2.235120783070699986e+02
2.295766535177846777e+02
2.346555094054004655e+02
2.391018210037308336e+02
2.431629189695256343e+02
2.468813748596977575e+02
2.500281687622707807e+02
2.520896089465638568e+02
2.525197024097402618e+02
2.509182543252027244e+02
2.479892362588629453e+02
2.440445547712830034e+02
2.393519289913638488e+02
2.343713052192109387e+02
2.281994679172202609e+02
2.206555210353415362e+02
2.146340071482966607e+02
2.074323548805461144e+02
1.987554608767955244e+02
1.935561316442784232e+02
1.873902938516878294e+02
1.827161877966972838e+02
2.043708519927062355e+02
2.085081038411007057e+02
2.145371157855172441e+02
2.206745117610631723e+02
2.267265544097099053e+02
2.325446359903425559e+02
2.376347661954888792e+02
2.424036151807298722e+02
2.468725563259032754e+02
2.507196278562913676e+02
2.533059100639809174e+02
2.540264194593741252e+02
2.526981711948654379e+02
2.498528724832247008e+02
2.460053215380270899e+02
2.414903723518011986e+02
2.364007004243096048e+02
2.305130548638959169e+02
2.237726174383836621e+02
2.172280954296210780e+02
2.100634500849401434e+02
2.025312104528650536e+02
1.968374232012875780e+02
1.915415309537119697e+02
1.876490549260877003e+02
2.058919224316090890e+02
2.091069657194498461e+02
2.139449774901592605e+02
2.192589828379408061e+02
2.246740589580628296e+02
2.302641964590891064e+02
2.358510928546808145e+02
2.413464407224705042e+02
2.465635124666106037e+02
2.510855189755514232e+02
2.541611286040298694e+02
2.551140524418388509e+02
2.538498162781097562e+02
2.509365950263766649e+02
2.469556387493409773e+02
2.422895635365377132e+02
2.371410924115076853e+02
2.313100611789836876e+02
2.248739327408426618e+02
2.182192699196276067e+02
2.112471297295950876e+02
2.044159419792016763e+02
1.986698675539040266e+02
1.937879759435284655e+02
1.905774908907477823e+02
2.072511111979484326e+02
2.097978994864706976e+02
2.138237271940772359e+02
2.185946720137641819e+02
2.238543203806532915e+02
2.294342997294845361e+02
2.352740202853449318e+02
2.411663042269840957e+02
2.467685604653428015e+02
2.516292579682998962e+02
2.550247463031727193e+02
2.562160098586908248e+02
2.548889287084420232e+02
2.517804228079690745e+02
2.476525665795496991e+02
2.429493418447089255e+02
2.378162927552874635e+02
2.320343750771797033e+02
2.257422897166801476e+02
2.191679672304521489e+02
2.125017907108113207e+02
2.059829275385427820e+02
2.003025655415057429e+02
1.957255977637003355e+02
1.929551617941843347e+02
2.085102104490760837e+02
2.106330971899261328e+02
2.141627024722316719e+02
2.185567091178488113e+02
2.236812530088934921e+02
2.292851094144392619e+02
2.352902998793540235e+02
2.414236357977228238e+02
2.472200638916700939e+02
2.522778740979721874e+02
2.559459901738579219e+02
2.573319901623970054e+02
2.558362942211444704e+02
2.524889934218773817e+02
2.482496772931877445e+02
2.435262740464069964e+02
2.384058985752573392e+02
2.328101542477505461e+02
2.267141247093641141e+02
2.202961373157750984e+02
2.139006808444021317e+02
2.075979639214538395e+02
2.020188293269216899e+02
1.976376439986541129e+02
1.951053141552671661e+02
2.096567294202808114e+02
2.114890599196215817e+02
2.146739168763822079e+02
2.188242952223625934e+02
2.237893398414820751e+02
2.293398041252939947e+02
2.354384933938738698e+02
2.416109185737602161e+02
2.475538842910938229e+02
2.528746017399932668e+02
2.569007329452840622e+02
2.585075950010165116e+02
2.567131881262654360e+02
2.530021262109114843e+02
2.485717305071776764e+02
2.438371759135535797e+02
2.388580170135579124e+02
2.336027172633685325e+02
2.278083658628061130e+02
2.216156246414713848e+02
2.153322148680053374e+02
2.092067550887218204e+02
2.037461969516214708e+02
1.994973951567049824e+02
1.970916559028378003e+02
2.106926089298364388e+02
2.122768120512403698e+02
2.151126669231140056e+02
2.189305505030652057e+02
2.236206110398152589e+02
2.291062506600806046e+02
2.352040873825206972e+02
2.414438613140103769e+02
2.476074447712770166e+02
2.533290614113436732e+02
2.578780170773981695e+02
2.598026951573366432e+02
2.575314419976035651e+02
2.532405432403137127e+02
2.484843209700277384e+02
2.436611181649839750e+02
2.387874906207619574e+02
2.337446335033029641e+02
2.282977361647078283e+02
2.225535786359427277e+02
2.165790103619740989e+02
2.106974862134367470e+02
2.053946962912403080e+02
2.012535229400199910e+02
1.989141388123498189e+02
2.116485754100842485e+02
2.129972359341337551e+02
2.154513043312130947e+02
2.188108170144541873e+02
2.229807803777413255e+02
2.281118763799435385e+02
2.342552849438845328e+02
2.406475466884160710e+02
2.471873259459857195e+02
2.535322184752220949e+02
2.588617043305350762e+02
2.612651598069189163e+02
2.582780364024096684e+02
2.530910368653044600e+02
2.478332209993150457e+02
2.427859946003127050e+02
2.378945951146957043e+02
2.329883095334834877e+02
2.278420300591387502e+02
2.224948649722548168e+02
2.169733162527634818e+02
2.115157399672539782e+02
2.065541915270033542e+02
2.026602710197905424e+02
2.004620473387196569e+02
2.125740519675272537e+02
2.136938352744623444e+02
2.157576827800430976e+02
2.186261019808522406e+02
2.222449995009215513e+02
2.267109825090405479e+02
2.321229993416257855e+02
2.385790907178449345e+02
2.457175707837036498e+02
2.531430573408815405e+02
2.597871180654210548e+02
2.628948593724900888e+02
2.588673604821694312e+02
2.521514570968917326e+02
2.460192124852098630e+02
2.404794396526927471e+02
2.353567697257244333e+02
2.304431816673299238e+02
2.256992450946404460e+02
2.209373057680968202e+02
2.160970763180193615e+02
2.113296381482943502e+02
2.069911224174298638e+02
2.035916996177585929e+02
2.016942331115805302e+02
2.135552251839636426e+02
2.144509909544102868e+02
2.161347723413589108e+02
2.185152184938626760e+02
2.215717230111989693e+02
2.253880051696596354e+02
2.301306651550889910e+02
2.361541308450659926e+02
2.437151986727331803e+02
2.524485786588018641e+02
2.607681844623164693e+02
2.647865540407165099e+02
2.594928846263763376e+02
2.508834624924670038e+02
2.434352560388192899e+02
2.371477745128202628e+02
2.315445704310724295e+02
2.266027811215085421e+02
2.223916510721140014e+02
2.183718049762732960e+02
2.143921778591365239e+02
2.105235148069852471e+02
2.070192851162310035e+02
2.042807815126348885e+02
2.027584109913970849e+02
2.147404524121982092e+02
2.154145694368430952e+02
2.167467555129484538e+02
2.186712752088832019e+02
2.212028820207920035e+02
2.244481428936519478e+02
2.286471038209779465e+02
2.342256255497212294e+02
2.417299250368054970e+02
2.514821192726199968e+02
2.617821040648086637e+02
2.669239156397040347e+02
2.601183348916536602e+02
2.486995037203143397e+02
2.389828945773964222e+02
2.320248343016953072e+02
2.267555399633515378e+02
2.226437769769616750e+02
2.190894588199720943e+02
2.157927959035945662e+02
2.126385442471035390e+02
2.096520207877228756e+02
2.069874137338934474e+02
2.049185710210944364e+02
2.037981048403470368e+02
2.163434931611941465e+02
2.168099581860809906e+02
2.178348314659077687e+02
2.193604949119331593e+02
2.214418442050521207e+02
2.242006906569703233e+02
2.279528090484220684e+02
2.331329366894925670e+02
2.406240919930435780e+02
2.510967565553511065e+02
2.633123408844418236e+02
2.694606385850265156e+02
2.609514368888652598e+02
2.461229866780826683e+02
2.351453228740478778e+02
2.280167731905303015e+02
2.232514286865222743e+02
2.196524084917993207e+02
2.166379714063584174e+02
2.139493829341933520e+02
2.114814265922319123e+02
2.092298224660449364e+02
2.072779353083476792e+02
2.057925149626114205e+02
2.050252942118822546e+02
2.185049451594843219e+02
2.188559778543730943e+02
2.196687073138283779e+02
2.209222101807215495e+02
2.227218708059678534e+02
2.251342188067613108e+02
2.284918309201854072e+02
2.334071085773533696e+02
2.408934945985365061e+02
2.520278601968251451e+02
2.658887212330834018e+02
2.731800587531937481e+02
2.637841355646976922e+02
2.467714050261101875e+02
2.344526959093823564e+02
2.267593153151172771e+02
2.219079383548908311e+02
2.184747549712716932e+02
2.157715506965084273e+02
2.134825239388185025e+02
2.114714364434308322e+02
2.097034911211119663e+02
2.082186578599106497e+02
2.071262916243560142e+02
2.066075047702307188e+02
2.213126984305589531e+02
2.215973575753627074e+02
2.222800545483950430e+02
2.233426310515075102e+02
2.249856412833745765e+02
2.272972075753848173e+02
2.306763092967702846e+02
2.358271975155234941e+02
2.437312088802471521e+02
2.554346425974004262e+02
2.703655307096836964e+02
2.784698774146715436e+02
2.692768818446484147e+02
2.498740190847045994e+02
2.353718978133048552e+02
2.268598884547668035e+02
2.217916387709647665e+02
2.184416986180374352e+02
2.159776974089642181e+02
2.140113480788289166e+02
2.123667574264363225e+02
2.109795803323094674e+02
2.098562161421688756e+02
2.090608483777939171e+02
2.087330065114826994e+02
2.247881168616293337e+02
2.250118639936045497e+02
2.256506651112275961e+02
2.266623221815534919e+02
2.282231343690708627e+02
2.305157199355246576e+02
2.339754378866553850e+02
2.394069235709827979e+02
2.476972342344550100e+02
2.597904999874028817e+02
2.751197709365881678e+02
2.846034902356393559e+02
2.769102305191482287e+02
2.551979334333595375e+02
2.390791805689015632e+02
2.293947957425481263e+02
2.236992518093362321e+02
2.201362488239582547e+02
2.176982960077954772e+02
2.158830569984542365e+02
2.144502342320199375e+02
2.132973165455846924e+02
2.124014530317424487e+02
2.117928722465638316e+02
2.115405916481615805e+02
2.288382440288049509e+02
2.290515677105258305e+02
2.296464540119405058e+02
2.306407093204544481e+02
2.321683601890700857e+02
2.344320207706927022e+02
2.378162885506417297e+02
2.431333620184772428e+02
2.513254419418425982e+02
2.635678960703015719e+02
2.798600442204560181e+02
2.920099229266057819e+02
2.878641019990828340e+02
2.622368948113662555e+02
2.440473423426412580e+02
2.331716654790814971e+02
2.268341042686571996e+02
2.230083778743021128e+02
2.205286582518153011e+02
2.187894745602537796e+02
2.174902497743134973e+02
2.164924900127483625e+02
2.157469196424897575e+02
2.152539544105217431e+02
2.150297751244660844e+02
2.333191512773126988e+02
2.335215237022568147e+02
2.340911852377318780e+02
2.350602592778636790e+02
2.365532794306874962e+02
2.387877917357146202e+02
2.421127445266018015e+02
2.472664366205296744e+02
2.552440124563867130e+02
2.670960906219448248e+02
2.842524354225296292e+02
2.993997553537631688e+02
2.999167577381267620e+02
2.677802159623611828e+02
2.478630166364971785e+02
2.366493774686447580e+02
2.302598369681809345e+02
2.264652252531719512e+02
2.240624214005097485e+02
2.224291589354657503e+02
2.212507630626886339e+02
2.203753992734021097e+02
2.197389293016884722e+02
2.193227005478750584e+02
2.191228157634103582e+02
2.380626272654816376e+02
2.382867007021035306e+02
2.388412888335232367e+02
2.397834796882659418e+02
2.412233458358895462e+02
2.433446332063308830e+02
2.464460174686275877e+02
2.511256822384060285e+02
2.583101758111192225e+02
2.693306093750812806e+02
2.865589526425677036e+02
3.066047153025198213e+02
3.133357399237107757e+02
2.721030501515281230e+02
2.512992438181016155e+02
2.403412894396869319e+02
2.342189721977607348e+02
2.305895717912448504e+02
2.282952222812448326e+02
2.267478574838378904e+02
2.256467453200567661e+02
2.248420935238980292e+02
2.242651445178727556e+02
2.238890009452445895e+02
2.237037380816461791e+02
5.198529335340360180e+06
5.200583852388825268e+06
5.206882137545128353e+06
5.198621191208125092e+06
5.182302935941584408e+06
4.306283380323970690e+06
4.429200603030518629e+06
4.439243199470968917e+06
4.033153106922557577e+06
3.795755291255350225e+06
4.215097352047200315e+06
4.347843279303062707e+06
4.350641999282266945e+06
3.920179167122654151e+06
3.660443959107958712e+06
4.167034386129578110e+06
4.299345158124119043e+06
4.303703922109500505e+06
3.873405955249033868e+06
3.607548774608384818e+06
4.124724819105497561e+06
4.250361724873675033e+06
4.242796443851147778e+06
3.818560326951236930e+06
3.552218988979741465e+06
4.084331301717453171e+06
4.205760599513542838e+06
4.181176240712508559e+06
3.775114258158987854e+06
3.507862003707332071e+06
4.045519313249304425e+06
4.162762817458208650e+06
4.136154875080167782e+06
3.749613271869879216e+06
3.480177160711518954e+06
4.015969530045459047e+06
4.121824151929116342e+06
4.106246998226590920e+06
3.720714007755563129e+06
3.450709243204461411e+06
3.979048166091013700e+06
4.079631228309449740e+06
4.062738911813979503e+06
3.680086720624966081e+06
3.410918109424269293e+06
3.944269463833932765e+06
4.044791031633856241e+06
4.009225636741811875e+06
3.634289657045664266e+06
3.366099975132827181e+06
3.915118701762624551e+06
4.010759463352353312e+06
3.952643778776597232e+06
3.595357097336282954e+06
3.327037364438062534e+06
3.887428769508676603e+06
3.974500732606886886e+06
3.896824658592628315e+06
3.561201704718473367e+06
3.293318881576478016e+06
3.861902250917084981e+06
3.938724416692630388e+06
3.846401898086630739e+06
3.537541345265771728e+06
3.269030316140834242e+06
3.832935234319899697e+06
3.902626884289907757e+06
3.802025036536638159e+06
3.512757833931753878e+06
3.243812883486632258e+06
3.808782066037918441e+06
3.877233544156531338e+06
3.760149023093554191e+06
3.479740558152773883e+06
3.211447531269850675e+06
3.782001208867794368e+06
3.845920764605429489e+06
3.718458146384175867e+06
3.451148385538607836e+06
3.181924649779158179e+06
3.757598056086131837e+06
3.813107797064892016e+06
3.680433731684366707e+06
3.417097193737167399e+06
3.148539645199150313e+06
3.733206344963101204e+06
3.779822583526332863e+06
3.650567549739791080e+06
3.387830211820281111e+06
3.120526235139271710e+06
3.711612069872602355e+06
3.746491196308134124e+06
3.623669411554865073e+06
3.364715708287321031e+06
3.098703991744964849e+06
3.695025944337406661e+06
3.714342046339242253e+06
3.594165592255345546e+06
3.339899744476344902e+06
3.075021068591384217e+06
3.679245183980116155e+06
3.687357476829665713e+06
3.559637189464312512e+06
3.315329398455461487e+06
3.050456202461742796e+06
3.660473145898994524e+06
3.660746634172719438e+06
3.520910154627995566e+06
3.293529546128491871e+06
3.027558431598378345e+06
3.636958937941376120e+06
3.630713687681947369e+06
3.479924330084539019e+06
3.265271632702333853e+06
2.999493878512314521e+06
3.609160242570564151e+06
3.599109307163320947e+06
3.438510606166488025e+06
3.234768301584391389e+06
2.969853877871045843e+06
3.582305044933447149e+06
3.569524145991968457e+06
3.398600070426495746e+06
3.212156761942276265e+06
2.950212414843628183e+06
9.475365690188267035e+05
1.049136099654970923e+06
1.098781624266541563e+06
9.930687133164688712e+05
8.652148630687986733e+05
9.473806565187548986e+05
1.049237332832786022e+06
1.098616504585125949e+06
9.928540458048509900e+05
8.645607708938417491e+05
9.476217466490907827e+05
1.049582597827237099e+06
1.098522062426698394e+06
9.930761705028391443e+05
8.645841058263530722e+05
9.478842635459543671e+05
1.049920399348569801e+06
1.098382130308854161e+06
9.933283326101030689e+05
8.646564343816924375e+05
9.481442862030152464e+05
1.050221541016097413e+06
1.098174147365085548e+06
9.935742272570217028e+05
8.647286426233006641e+05
9.484004355066409335e+05
1.050493913136910414e+06
1.097896189959999640e+06
9.938190995376593200e+05
8.648076711241134908e+05
9.486509619747133693e+05
1.050741467740753666e+06
1.101438052717170678e+06
9.940657711534859845e+05
8.648969912569497246e+05
9.488965692949926015e+05
1.050946121199249057e+06
1.114448761086006416e+06
9.943065467858735938e+05
8.649862794522043550e+05
9.491314478181069717e+05
1.051128626877596136e+06
1.127726890844262205e+06
9.945382767661374528e+05
8.650703941831386182e+05
9.493639846936394460e+05
1.051305543165420881e+06
1.139006656883285847e+06
9.947638042174944421e+05
8.651519476507558720e+05
9.495941336875698762e+05
1.051459944539499469e+06
1.144364719583856408e+06
9.949892747862202814e+05
8.652369823781485902e+05
9.498171597503811354e+05
1.051584654634638457e+06
1.145330368869849015e+06
9.952056724816097412e+05
8.653252730926196091e+05
9.500320763663216494e+05
1.051675567552607041e+06
1.141507352809093893e+06
9.954155705635384656e+05
8.654194256939262850e+05
9.502376106317044469e+05
1.051734444440845633e+06
1.136305186028152006e+06
9.956182144536393462e+05
8.655138814482871676e+05
9.504409527517372044e+05
1.051755528146872297e+06
1.133285200509571005e+06
9.958129552890615305e+05
8.656047968289019773e+05
9.506385168981595198e+05
1.051719549411454471e+06
1.132214243937144289e+06
9.960097638134045992e+05
8.656978540967180161e+05
9.508327810807559872e+05
1.051614432907906827e+06
1.130106856400710298e+06
9.962027433524163207e+05
8.657889883069404168e+05
9.510221358244880103e+05
1.051441282134571113e+06
1.129165568205734482e+06
9.963865350306718610e+05
8.658830356254880317e+05
9.512005484387130709e+05
1.051204537382576382e+06
1.134169440118995262e+06
9.965551547361380653e+05
8.659805995241493220e+05
9.513640609068112681e+05
1.050908312367749633e+06
1.144760365801080363e+06
9.967151281301191775e+05
8.660773702109374572e+05
9.515134329639080679e+05
1.050640992367037339e+06
1.157872180388906039e+06
9.968748046417267760e+05
8.661739922852900345e+05
9.516511915378890699e+05
1.050446519872178324e+06
1.170446483643761138e+06
9.970400202288792934e+05
8.662721180256715743e+05
9.517798993821514305e+05
1.050272306146101560e+06
1.181128042631005403e+06
9.972085925862014992e+05
8.663677583537817700e+05
9.519031913172020577e+05
1.050069236103812000e+06
1.188693199997971533e+06
9.973813036547645461e+05
8.664626530430587009e+05
9.520260902043274837e+05
1.049790781794455601e+06
1.193008531993657351e+06
9.975415570500445319e+05
8.665627267319075763e+05
