-2.747687831800536742e+02
-2.696001529207420049e+02
-2.624308611040788719e+02
-2.536501583995074043e+02
-2.437419725047997190e+02
-2.332815555618720111e+02
-2.229388664987158108e+02
-2.134713659094519471e+02
-2.057056038662790343e+02
-2.004953512395016162e+02
-1.986563028022535775e+02
-2.008794257309707234e+02
-2.076352533163255600e+02
-2.190846195077004950e+02
-2.350129330468204216e+02
-2.548055846392206263e+02
-2.774765742737966434e+02
-3.017518077541481603e+02
-3.261981471705972808e+02
-3.493854821950866381e+02
-3.700547557199102471e+02
-3.872641208768981755e+02
-4.004946784380784948e+02
-4.096915765736890762e+02
-4.152402913782383962e+02
-1.394430741768406889e+01
-1.396095948445253399e+01
-1.397645700147668713e+01
-1.399148439953619416e+01
-1.400496389138314868e+01
-1.401777612386854166e+01
-1.402925902007009995e+01
-1.403948184014571687e+01
-1.404861064325255171e+01
-1.405640918528821715e+01
-1.406317493637807026e+01
-1.406845139544741841e+01
-1.407256780207055868e+01
-1.407540575739742472e+01
-1.407720782054558128e+01
-1.407807109553751879e+01
-1.407785986807477308e+01
-1.407639420371964789e+01
-1.407457626607520673e+01
-1.407175648027613946e+01
-1.406808301997746469e+01
-1.406410766679102586e+01
-1.405930207619653061e+01
-1.405434640623726139e+01
-1.404863880468923476e+01
-1.594245269126809816e+01
-1.595883884009198539e+01
-1.597475816698291595e+01
-1.599024391184211069e+01
-1.600514073046548091e+01
-1.601966305363080423e+01
-1.603324760800426318e+01
-1.604604712407434519e+01
-1.605823501751790516e+01
-1.606957679913206150e+01
-1.608036688767641209e+01
-1.609036053397956323e+01
-1.609931350039916964e+01
-1.610765927610301773e+01
-1.611503740606292467e+01
-1.612141841162526035e+01
-1.612748822243761282e+01
-1.613274691155029217e+01
-1.613701730340630647e+01
-1.614069905758160317e+01
-1.614350315943496739e+01
-1.614563081761633256e+01
-1.614687013727408171e+01
-1.614769338445574931e+01
-1.614778202078198177e+01
-1.597276067430022373e+01
-1.598990940892714008e+01
-1.600677166457687761e+01
-1.602239960933584584e+01
-1.603733588102116059e+01
-1.605146914094847688e+01
-1.606463418990811931e+01
-1.607684710356440050e+01
-1.608797360918750741e+01
-1.609819414816972838e+01
-1.610746217225465315e+01
-1.611572766449907235e+01
-1.612286369379998163e+01
-1.612926319995044011e+01
-1.613445429689754107e+01
-1.613899822936008377e+01
-1.614259657440632267e+01
-1.614526244575619529e+01
-1.614700531986362364e+01
-1.614802436953885589e+01
-1.614837295421963148e+01
-1.614790118784247852e+01
-1.614638793221459778e+01
-1.614465027749024273e+01
-1.614230928684066413e+01
-1.595281561819659544e+01
-1.596897706547099993e+01
-1.598425812681457359e+01
-1.599856005348347132e+01
-1.601161872823211851e+01
-1.602371715054570345e+01
-1.603487576473192888e+01
-1.604472507603413689e+01
-1.605378308610167082e+01
-1.606160509416791982e+01
-1.606842220629684093e+01
-1.607390922057448179e+01
-1.607881088004929993e+01
-1.608243110582293056e+01
-1.608537436044567670e+01
-1.608724303947959910e+01
-1.608825385203994784e+01
-1.608839286502979249e+01
-1.608777757982073098e+01
-1.608654205859469144e+01
-1.608468496283442661e+01
-1.608202077549282549e+01
-1.607909686363035107e+01
-1.607533417698811107e+01
-1.607106518185896959e+01
-1.590466928627184728e+01
-1.591807441089947162e+01
-1.592993885039126134e+01
-1.594106407226918343e+01
-1.595106478816049744e+01
-1.595990604090257925e+01
-1.596762659389083794e+01
-1.597460232104315736e+01
-1.598008194925550818e+01
-1.598481991059801999e+01
-1.598837986261437472e+01
-1.599093710722455342e+01
-1.599280208121590263e+01
-1.599358681245666425e+01
-1.599397332404805105e+01
-1.599289304372678266e+01
-1.599180650110872648e+01
-1.598983184778433397e+01
-1.598734413097961671e+01
-1.598434968289284441e+01
-1.598070900485875079e+01
-1.597664355190245722e+01
-1.597233496324099811e+01
-1.596777466249980115e+01
-1.596281478886367644e+01
-1.586236321701885998e+01
-1.587053626536231299e+01
-1.587828408927677160e+01
-1.588484492766273348e+01
-1.589033030862803031e+01
-1.589496579234690721e+01
-1.589835235116573031e+01
-1.590094654940586238e+01
-1.590270263740687362e+01
-1.590337055612906170e+01
-1.590330581833807067e+01
-1.590262827085938113e+01
-1.590120195038140416e+01
-1.589915464206111295e+01
-1.589665282378038391e+01
-1.589324729685346860e+01
-1.588971854806943540e+01
-1.588586622822371730e+01
-1.588158379926340302e+01
-1.587715051125232968e+01
-1.587230756701585754e+01
-1.586746575690058769e+01
-1.586234810024796893e+01
-1.585699017730289562e+01
-1.585184025900409388e+01
-1.584755884836354767e+01
-1.585005985568250075e+01
-1.585197643784000299e+01
-1.585266812039430029e+01
-1.585259429192305980e+01
-1.585159479732730148e+01
-1.584995714809464040e+01
-1.584751022208183535e+01
-1.584460026285415779e+01
-1.584060849274267468e+01
-1.583629201016228016e+01
-1.583173521437710107e+01
-1.582666421393680523e+01
-1.582098383281128839e+01
-1.581554914579007409e+01
-1.580957081854682400e+01
-1.580350316323447046e+01
-1.579761129800074571e+01
-1.579137533451364028e+01
-1.578503877117624299e+01
-1.577935898127986114e+01
-1.577310333531976383e+01
-1.576734230075400234e+01
-1.576144390779100490e+01
-1.575565354565686071e+01
-1.585999213828385201e+01
-1.585552299642931651e+01
-1.585027591726273322e+01
-1.584426797958627375e+01
-1.583771310115104214e+01
-1.583049461901653210e+01
-1.582288424451716935e+01
-1.581454433813498639e+01
-1.580588781463045045e+01
-1.579712502207650182e+01
-1.578770549780496424e+01
-1.577872273442046946e+01
-1.576920727561635793e+01
-1.576016077835338436e+01
-1.575082538100762086e+01
-1.574166688355194132e+01
-1.573310837988566391e+01
-1.572434280258348771e+01
-1.571597775995553725e+01
-1.570809062516458177e+01
-1.570031653049289133e+01
-1.569295999452644885e+01
-1.568643958093532831e+01
-1.567958227474525223e+01
-1.567331488833423059e+01
-1.588124222892717974e+01
-1.586951478635916679e+01
-1.585694175049407484e+01
-1.584388242447328921e+01
-1.582994315591073153e+01
-1.581607773719652599e+01
-1.580188429027530717e+01
-1.578751008940739808e+01
-1.577302645943235859e+01
-1.575886779338129529e+01
-1.574468753229416862e+01
-1.573047752112033848e+01
-1.571689673235191620e+01
-1.570350592500262543e+01
-1.569069625113159105e+01
-1.567828719792543879e+01
-1.566664854462904977e+01
-1.565533986681398382e+01
-1.564499589259133394e+01
-1.563501014824437618e+01
-1.562596445204533069e+01
-1.561757358431254161e+01
-1.560968992889937823e+01
-1.560271834446821870e+01
-1.559622682837943763e+01
-1.589484917808602304e+01
-1.587561744609293335e+01
-1.585595925483952051e+01
-1.583596749008536619e+01
-1.581582234594415937e+01
-1.579548233557536108e+01
-1.577515295123260053e+01
-1.575515243313360259e+01
-1.573548868081531005e+01
-1.571603398408777430e+01
-1.569725251687766132e+01
-1.567866046953065151e+01
-1.566075575259535668e+01
-1.564399238891430066e+01
-1.562776959533018584e+01
-1.561266393163209187e+01
-1.559834801429403228e+01
-1.558523236290570857e+01
-1.557320558092631835e+01
-1.556201835117135879e+01
-1.555189599672040401e+01
-1.554304483634756906e+01
-1.553499870560064977e+01
-1.552836218043856320e+01
-1.552210183688351286e+01
-1.589509957229193660e+01
-1.586984702015389104e+01
-1.584454993798395428e+01
-1.581901991060374790e+01
-1.579344440912825220e+01
-1.576793934211022652e+01
-1.574269172327803901e+01
-1.571802104469868588e+01
-1.569385749119955875e+01
-1.567012021511851394e+01
-1.564753799511519006e+01
-1.562584335660478629e+01
-1.560481756761882011e+01
-1.558499791090433106e+01
-1.556634303999235236e+01
-1.554915091450068942e+01
-1.553335945440174370e+01
-1.551883584248768955e+01
-1.550587005659617290e+01
-1.549407250227771016e+01
-1.548401461147753899e+01
-1.547522402446880463e+01
-1.546818405222642845e+01
-1.546223576419292556e+01
-1.545756221555552123e+01
-1.588748795276350556e+01
-1.585800153789697653e+01
-1.582882031717633353e+01
-1.579938060568424163e+01
-1.577027948014464975e+01
-1.574097321377304048e+01
-1.571232388586025763e+01
-1.568430590178751949e+01
-1.565713656479416827e+01
-1.563076566432877357e+01
-1.560529331754291427e+01
-1.558095572914647420e+01
-1.555795867281832301e+01
-1.553659786125107622e+01
-1.551653711120254364e+01
-1.549799186051785505e+01
-1.548130293753420261e+01
-1.546618332408412044e+01
-1.545284526574534567e+01
-1.544134713761632405e+01
-1.543195858807187371e+01
-1.542378436276517206e+01
-1.541800103510585807e+01
-1.541365695709832195e+01
-1.541099031083769688e+01
-1.587374005849407155e+01
-1.584237087050610171e+01
-1.581111737664592098e+01
-1.577988366122281860e+01
-1.574882142660026041e+01
-1.571789340075934938e+01
-1.568740737802996144e+01
-1.565790139672440340e+01
-1.562928862497626525e+01
-1.560171703803158216e+01
-1.557510050974511806e+01
-1.554990439826662652e+01
-1.552610203889398655e+01
-1.550385809435948303e+01
-1.548352853636941617e+01
-1.546464548528372696e+01
-1.544799905004535390e+01
-1.543310972212660204e+01
-1.542027139346263276e+01
-1.540947388483049529e+01
-1.540085767221705204e+01
-1.539398157274366952e+01
-1.538942688553427018e+01
-1.538654822046322757e+01
-1.538588396532699321e+01
-1.584359837290630146e+01
-1.581269107787645289e+01
-1.578201627770627802e+01
-1.575099806977033445e+01
-1.572045868410132030e+01
-1.569026197627184693e+01
-1.566058121855185981e+01
-1.563142604260221091e+01
-1.560360683282229033e+01
-1.557673628464084281e+01
-1.555096442763622022e+01
-1.552680533479063918e+01
-1.550380926226985601e+01
-1.548295992915480035e+01
-1.546370546331004370e+01
-1.544621674837576997e+01
-1.543077182634662314e+01
-1.541702745097957283e+01
-1.540560470539811533e+01
-1.539635295608406906e+01
-1.538908119679501318e+01
-1.538388573085677535e+01
-1.538075667919511602e+01
-1.537996907367454291e+01
-1.538085871917981251e+01
-1.578149178747713144e+01
-1.575362688511678755e+01
-1.572542692731234837e+01
-1.569779652417173210e+01
-1.567026892350375178e+01
-1.564341482006382122e+01
-1.561702131926625903e+01
-1.559152571009360067e+01
-1.556699554795248375e+01
-1.554354839412867761e+01
-1.552134076540044028e+01
-1.550064321143348067e+01
-1.548172744351322194e+01
-1.546396409837840480e+01
-1.544794974038672564e+01
-1.543378268289762723e+01
-1.542158325761582383e+01
-1.541098114505294880e+01
-1.540262236015789021e+01
-1.539651575135190420e+01
-1.539161872195634295e+01
-1.538944781207442780e+01
-1.538866052619672864e+01
-1.539024010367794659e+01
-1.539339944365418944e+01
-1.568317010050984450e+01
-1.565987151538297795e+01
-1.563736172379770295e+01
-1.561504775356382524e+01
-1.559299879014938561e+01
-1.557216620632113724e+01
-1.555181677162320142e+01
-1.553263782778962110e+01
-1.551450910176047238e+01
-1.549693366826942764e+01
-1.548105391593991698e+01
-1.546660994775485776e+01
-1.545348739964991580e+01
-1.544168583516280968e+01
-1.543157101583730473e+01
-1.542319970932587481e+01
-1.541630079528501973e+01
-1.541090812178448388e+01
-1.540760638879857325e+01
-1.540575269389155544e+01
-1.540578513072841638e+01
-1.540717202967826616e+01
-1.541015525692455590e+01
-1.541508172490817330e+01
-1.542099961946042797e+01
-1.556305094420133095e+01
-1.554644117183197238e+01
-1.553083887939340713e+01
-1.551564255386932167e+01
-1.550156309884219752e+01
-1.548811052640925823e+01
-1.547567706454797332e+01
-1.546413451263630634e+01
-1.545364355001954415e+01
-1.544465613194849851e+01
-1.543660611517690207e+01
-1.542987026352242630e+01
-1.542449683282628570e+01
-1.542016582558099991e+01
-1.541733098550905190e+01
-1.541583693669461397e+01
-1.541591019476595648e+01
-1.541715386332888649e+01
-1.541965298930515083e+01
-1.542352728909929027e+01
-1.542858885353144593e+01
-1.543481292319773068e+01
-1.544262332969562657e+01
-1.545098607535996038e+01
-1.546038481610498039e+01
-1.544991177739896671e+01
-1.544076355572254222e+01
-1.543232656270530967e+01
-1.542516516267189530e+01
-1.541874597744287634e+01
-1.541331301540183318e+01
-1.540871306287959364e+01
-1.540539732036095089e+01
-1.540314133028725685e+01
-1.540188488970287395e+01
-1.540164541929054742e+01
-1.540266486433265136e+01
-1.540487259108913065e+01
-1.540775009722437261e+01
-1.541193844566886639e+01
-1.541726152783591353e+01
-1.542370280971038987e+01
-1.543100109970031752e+01
-1.543921342682283537e+01
-1.544839088958750217e+01
-1.545825789452196375e+01
-1.546906850120492294e+01
-1.548039849314544369e+01
-1.549207970802934753e+01
-1.550466910217959970e+01
-1.537183737568753550e+01
-1.536981188335894188e+01
-1.536838855364866951e+01
-1.536797583914238707e+01
-1.536827922257691448e+01
-1.536956624097923374e+01
-1.537185768488047088e+01
-1.537498257480916486e+01
-1.537946337310369316e+01
-1.538457049770866902e+01
-1.539029149124353602e+01
-1.539714539285984252e+01
-1.540518216720773204e+01
-1.541362461071503986e+01
-1.542314475746352898e+01
-1.543326659859323158e+01
-1.544426742639845962e+01
-1.545552491903270287e+01
-1.546766282668228776e+01
-1.548049509571876392e+01
-1.549332791624467198e+01
-1.550678362066145155e+01
-1.552040930533004826e+01
-1.553428349301807465e+01
-1.554811191562643558e+01
-1.535396255066797977e+01
-1.535715224591458394e+01
-1.536119384169780311e+01
-1.536580963140668210e+01
-1.537137352950318281e+01
-1.537752856849298411e+01
-1.538443587085804509e+01
-1.539208581157571842e+01
-1.540012449634117608e+01
-1.540913405589056318e+01
-1.541873404341215625e+01
-1.542889371287680511e+01
-1.543940931165044006e+01
-1.545078746225426514e+01
-1.546246441310818831e+01
-1.547472248195371058e+01
-1.548729765317603402e+01
-1.550051767294933747e+01
-1.551353545990456517e+01
-1.552689825679009772e+01
-1.554073648002058938e+01
-1.555427034408081077e+01
-1.556822163218222421e+01
-1.558177060892515442e+01
-1.559531774100686086e+01
-1.541331067476161465e+01
-1.542057117972535885e+01
-1.542857904255467361e+01
-1.543677531726646635e+01
-1.544536860865197880e+01
-1.545398323572735855e+01
-1.546323800321224873e+01
-1.547282950712627070e+01
-1.548270279943672101e+01
-1.549290482656973644e+01
-1.550342378934218601e+01
-1.551413787739994810e+01
-1.552476206838768036e+01
-1.553582474268637093e+01
-1.554703691947607958e+01
-1.555844542655141360e+01
-1.556997837897301729e+01
-1.558168041288906913e+01
-1.559306459864906635e+01
-1.560481110862082232e+01
-1.561630874782722778e+01
-1.562758271591851589e+01
-1.563924024881230146e+01
-1.565003775988775736e+01
-1.566056554105185228e+01
-1.555039928973176799e+01
-1.556076492271581202e+01
-1.557123214776885867e+01
-1.558162143744136863e+01
-1.559160885880092451e+01
-1.560161477185523538e+01
-1.561151154371446914e+01
-1.562144529789360625e+01
-1.563109618146083335e+01
-1.564072440264357766e+01
-1.565010751479105089e+01
-1.565937043655297600e+01
-1.566836786308484797e+01
-1.567710488363876919e+01
-1.568561060703664189e+01
-1.569401835217666985e+01
-1.570229393302971488e+01
-1.571001453283093063e+01
-1.571785299670336045e+01
-1.572522790765215284e+01
-1.573240776007462216e+01
-1.573922008932672334e+01
-1.574572750491235773e+01
-1.575223697283809443e+01
-1.575808263170972623e+01
-1.573462634972483976e+01
-1.574728092418653702e+01
-1.575939776361022382e+01
-1.577090676861923946e+01
-1.578183959623295074e+01
-1.579236451440911537e+01
-1.580194878232111222e+01
-1.581130906691229221e+01
-1.582037800004396289e+01
-1.582805358061554202e+01
-1.583579897115228796e+01
-1.584280510354245841e+01
-1.584904965433636015e+01
-1.585478737566296026e+01
-1.585988558808067772e+01
-1.586446602304758713e+01
-1.586833804374498413e+01
-1.587178337432727737e+01
-1.587468626131951410e+01
-1.587712980660664286e+01
-1.587920783471425423e+01
-1.588069183571348653e+01
-1.588157549653880629e+01
-1.588242327139270316e+01
-1.588276120209689957e+01
-1.591123063348591415e+01
-1.592490514348829400e+01
-1.593786266684161212e+01
-1.595010316406247242e+01
-1.596148469409560278e+01
-1.597161954662008299e+01
-1.598131835720367278e+01
-1.598974366583166784e+01
-1.599732206365896303e+01
-1.600404082685895091e+01
-1.600968084183028139e+01
-1.601455453533086981e+01
-1.601844836607356370e+01
-1.602145685646151207e+01
-1.602381062350061924e+01
-1.602494066437557407e+01
-1.602555088147205353e+01
-1.602478613229258997e+01
-1.602386062947931578e+01
-1.602222604200859024e+01
-1.601940185140107786e+01
-1.601673112323737413e+01
-1.601281393285673005e+01
-1.600863848963352254e+01
-1.600410091460972950e+01
-1.603080870458290974e+01
-1.604452859998088243e+01
-1.605696247710303126e+01
-1.606871408561397985e+01
-1.607936692063686834e+01
-1.608900686574210326e+01
-1.609734937161683987e+01
-1.610479030915034215e+01
-1.611111484382396597e+01
-1.611652861057728359e+01
-1.612070172099613075e+01
-1.612402676458255257e+01
-1.612625582220458753e+01
-1.612738472071093199e+01
-1.612741191072868219e+01
-1.612674000859223966e+01
-1.612488741728313713e+01
-1.612222058634962707e+01
-1.611910660976868570e+01
-1.611453014074549372e+01
-1.610971509212350483e+01
-1.610443141686080892e+01
-1.609814287306822678e+01
-1.609127311332320787e+01
-1.608433230879234443e+01
-1.429554729984649164e+01
-1.430561779461952909e+01
-1.431563918653938572e+01
-1.432581646993362412e+01
-1.433620212124020910e+01
-1.434644954229984393e+01
-1.435659886724895351e+01
-1.436705750535018211e+01
-1.437703156560142048e+01
-1.438718460530265553e+01
-1.439703491083989739e+01
-1.440695516262742615e+01
-1.441664342038196089e+01
-1.442630780809119173e+01
-1.443621211729468357e+01
-1.444604570893317508e+01
-1.445608353994242989e+01
-1.446614388174285715e+01
-1.447662272902598346e+01
-1.448750447807234742e+01
-1.449898053814054322e+01
-1.451106303647208762e+01
-1.452358869262189067e+01
-1.453687877684358654e+01
-1.455164013645637411e+01
-1.426267964117967502e+01
-1.427572146665975339e+01
-1.428876465459463496e+01
-1.430131717887332066e+01
-1.431392839827891095e+01
-1.432651403429798798e+01
-1.433806061365242357e+01
-1.435000188992400894e+01
-1.436102306470970014e+01
-1.437186209188757680e+01
-1.438210152266398367e+01
-1.439201809439133051e+01
-1.440159912770256945e+01
-1.441115990417844728e+01
-1.441968762680301097e+01
-1.442864007717558827e+01
-1.443730236417954593e+01
-1.444605745771786331e+01
-1.445494546367810784e+01
-1.446390938562578476e+01
-1.447347953942304777e+01
-1.448363068630489359e+01
-1.449438002508539469e+01
-1.450604259059819512e+01
-1.451835460828000990e+01
-1.415582475834961862e+01
-1.416959347639919997e+01
-1.418341070543273830e+01
-1.419693191624870465e+01
-1.421030851293431319e+01
-1.422304813002119950e+01
-1.423538532636826481e+01
-1.424709346615011007e+01
-1.425824741012633545e+01
-1.426901560760322063e+01
-1.427875480836848965e+01
-1.428794931024799020e+01
-1.429687402850611022e+01
-1.430497005100013119e+01
-1.431294806829694366e+01
-1.432038874031615094e+01
-1.432742756703558307e+01
-1.433470337754329726e+01
-1.434158816587530794e+01
-1.434907170679335842e+01
-1.435665860184750109e+01
-1.436491675554426095e+01
-1.437359666830119842e+01
-1.438334038089124611e+01
-1.439390229811280619e+01
-1.396223314388033465e+01
-1.397563124957243019e+01
-1.398940164789194007e+01
-1.400284769237796745e+01
-1.401622023064761891e+01
-1.402905295416300113e+01
-1.404166348087114891e+01
-1.405347562703626707e+01
-1.406478108688159168e+01
-1.407569538340026227e+01
-1.408573803738752339e+01
-1.409543371188387262e+01
-1.410403967131048120e+01
-1.411239115080144302e+01
-1.411985449660656222e+01
-1.412732703778950061e+01
-1.413427818785526568e+01
-1.414090310357590674e+01
-1.414765619661034002e+01
-1.415455101259291126e+01
-1.416167462095226348e+01
-1.416920497348188945e+01
-1.417709666889819431e+01
-1.418621321948215375e+01
-1.419579991592108037e+01
-1.373754906112286100e+01
-1.375058362319444427e+01
-1.376393733106254658e+01
-1.377727965148803690e+01
-1.379106176449664289e+01
-1.380412271919150236e+01
-1.381762093227480115e+01
-1.383016662464496171e+01
-1.384257032710468138e+01
-1.385414385668417658e+01
-1.386556810146936591e+01
-1.387636248299634190e+01
-1.388652347564364575e+01
-1.389598972441066493e+01
-1.390519193684622756e+01
-1.391382603588387568e+01
-1.392216485397573855e+01
-1.393053383424282465e+01
-1.393851396829419187e+01
-1.394679649592885617e+01
-1.395483579655622108e+01
-1.396343190689745128e+01
-1.397249800412196841e+01
-1.398184005129905216e+01
-1.399224819026806443e+01
-1.358228713808266797e+01
-1.359473918172929530e+01
-1.360776948785754570e+01
-1.362142497877516334e+01
-1.363522504718592998e+01
-1.364918461043420628e+01
-1.366312449870010859e+01
-1.367685456939943833e+01
-1.369049210732167587e+01
-1.370378384823732887e+01
-1.371664469991700308e+01
-1.372914129837957908e+01
-1.374115759326176622e+01
-1.375309137133974424e+01
-1.376415123456784073e+01
-1.377515345379441314e+01
-1.378575836654707487e+01
-1.379613501489288296e+01
-1.380645326569628928e+01
-1.381657504076278187e+01
-1.382696479301515957e+01
-1.383729493218608297e+01
-1.384819086381371278e+01
-1.385913650784142348e+01
-1.387054916863690934e+01
-1.357462350985317556e+01
-1.358677388985184997e+01
-1.359949761388681821e+01
-1.361294969089695250e+01
-1.362642919827938393e+01
-1.364055971079228335e+01
-1.365495623946182313e+01
-1.366927799704398439e+01
-1.368358799488377109e+01
-1.369774070700030144e+01
-1.371174502642083759e+01
-1.372569186770447303e+01
-1.373908440058013269e+01
-1.375255836781234819e+01
-1.376553163850412353e+01
-1.377845780369253781e+01
-1.379110184705116282e+01
-1.380363872392542390e+01
-1.381614320447010513e+01
-1.382835178114533292e+01
-1.384053270273734881e+01
-1.385265134786519603e+01
-1.386499624100314598e+01
-1.387728837375536983e+01
-1.388958544875169743e+01
-1.371499369303058735e+01
-1.372638935776248026e+01
-1.373838387385854176e+01
-1.375120546444565051e+01
-1.376444476717507293e+01
-1.377807158444133329e+01
-1.379196741707931828e+01
-1.380626704490709500e+01
-1.382028095046961802e+01
-1.383490112120430737e+01
-1.384936930497656959e+01
-1.386389210414205486e+01
-1.387825202137139158e+01
-1.389255054570139514e+01
-1.390704057765999302e+01
-1.392125526957568304e+01
-1.393538892240836269e+01
-1.394946376338098126e+01
-1.396349084268946683e+01
-1.397709331920392017e+01
-1.399087600830398159e+01
-1.400454230361579633e+01
-1.401799966810772347e+01
-1.403129485744404903e+01
-1.404425158164068321e+01
-1.392417765992598078e+01
-1.393491964399989058e+01
-1.394646272161240930e+01
-1.395859259866597846e+01
-1.397080972775705732e+01
-1.398381203979703891e+01
-1.399751181733011407e+01
-1.401104248481240333e+01
-1.402515778925340051e+01
-1.403959953983632758e+01
-1.405396850809342801e+01
-1.406870319730576924e+01
-1.408386076647979301e+01
-1.409905246557507397e+01
-1.411444267589349266e+01
-1.412956949012305330e+01
-1.414490640062325433e+01
-1.416058670655282725e+01
-1.417599144322608140e+01
-1.419132137993900322e+01
-1.420636817923958262e+01
-1.422133410146936328e+01
-1.423629826499978890e+01
-1.425060304485994145e+01
-1.426471698199878446e+01
-1.409830124383720928e+01
-1.410903456030528069e+01
-1.412042535632105711e+01
-1.413188400691987212e+01
-1.414417673128689401e+01
-1.415682261157471089e+01
-1.416959211014135356e+01
-1.418339572065937482e+01
-1.419690122714472125e+01
-1.421120992459002075e+01
-1.422589898067380076e+01
-1.424099203380440315e+01
-1.425643261178128363e+01
-1.427214147758191132e+01
-1.428823980034167818e+01
-1.430437871439585429e+01
-1.432095973372140030e+01
-1.433770516926122163e+01
-1.435413361844138791e+01
-1.437105913460350948e+01
-1.438765854855190085e+01
-1.440419668333979075e+01
-1.442027835965271443e+01
-1.443570605506915605e+01
-1.445089918520233141e+01
-1.417490871667841823e+01
-1.418585698001217388e+01
-1.419685143594032617e+01
-1.420854233341154682e+01
-1.422001802559445061e+01
-1.423222860096367448e+01
-1.424444299636606459e+01
-1.425725230392922604e+01
-1.427045991842899220e+01
-1.428393100627765833e+01
-1.429783557023728768e+01
-1.431221863641856729e+01
-1.432722051660868168e+01
-1.434249155551762911e+01
-1.435835975688948807e+01
-1.437443969290215229e+01
-1.439074653118348834e+01
-1.440736883749503328e+01
-1.442429679031019418e+01
-1.444093909970082379e+01
-1.445811032086905712e+01
-1.447510066097311210e+01
-1.449159734796687360e+01
-1.450773347556873283e+01
-1.452367994649434912e+01
-1.415783265688751236e+01
-1.416819767619858261e+01
-1.417859550787464329e+01
-1.418866596002960101e+01
-1.419868980083943022e+01
-1.420880308239080669e+01
-1.421914935024331683e+01
-1.422953731662414967e+01
-1.424005862634628095e+01
-1.425122446089239325e+01
-1.426243636739073573e+01
-1.427434100005978301e+01
-1.428630662128660411e+01
-1.429894006754978264e+01
-1.431170952663600282e+01
-1.432508235500177562e+01
-1.433894027942196203e+01
-1.435320695438463190e+01
-1.436764460660612741e+01
-1.438272184215575145e+01
-1.439791696960579692e+01
-1.441283451313484854e+01
-1.442810059296311564e+01
-1.444330935439690222e+01
-1.445846175664350319e+01
-1.409769967311531857e+01
-1.410567843538234101e+01
-1.411274038644195450e+01
-1.411956849888668941e+01
-1.412565557085334156e+01
-1.413159708278302595e+01
-1.413744309223640983e+01
-1.414288558206034274e+01
-1.414883117216349540e+01
-1.415468743345248370e+01
-1.416038796110523279e+01
-1.416671650540305549e+01
-1.417300374047746736e+01
-1.418017548084483259e+01
-1.418771359962300771e+01
-1.419555689746636951e+01
-1.420399588990801654e+01
-1.421310166839262301e+01
-1.422268529594355257e+01
-1.423289970149573769e+01
-1.424386832369130573e+01
-1.425523356776209205e+01
-1.426688005269406290e+01
-1.427951822052220621e+01
-1.429193204134707784e+01
-1.404687971500697508e+01
-1.404955038302207804e+01
-1.405129934301707628e+01
-1.405235617308879092e+01
-1.405278370623141093e+01
-1.405239970636594116e+01
-1.405161150019122651e+01
-1.405047732484609746e+01
-1.404961869585489964e+01
-1.404814772671325329e+01
-1.404711961571554291e+01
-1.404606771372465701e+01
-1.404567237981427574e+01
-1.404539863644277986e+01
-1.404580376853748547e+01
-1.404687712691594115e+01
-1.404880784691918905e+01
-1.405150138027344120e+01
-1.405499385874631990e+01
-1.405944631942810297e+01
-1.406482909408506643e+01
-1.407131106792970066e+01
-1.407878984900455954e+01
-1.408719071945904844e+01
-1.409642197040119704e+01
-1.402777900461292759e+01
-1.402372551121475119e+01
-1.401840938986562257e+01
-1.401225428480083579e+01
-1.400574022107879379e+01
-1.399863745595111553e+01
-1.399089866738044741e+01
-1.398300087513112544e+01
-1.397527438045956316e+01
-1.396719920023794970e+01
-1.395947689529965707e+01
-1.395190894802285086e+01
-1.394499486463496041e+01
-1.393858113873504934e+01
-1.393297750337939078e+01
-1.392841615781811093e+01
-1.392441005961864064e+01
-1.392180378563502963e+01
-1.392042945587471614e+01
-1.392039560011392219e+01
-1.392134689632025690e+01
-1.392379484610884255e+01
-1.392772016199053731e+01
-1.393321536458737775e+01
-1.393983522154416654e+01
-1.403469829268525970e+01
-1.402321841718117135e+01
-1.401095514773302675e+01
-1.399821039105972886e+01
-1.398502412107345627e+01
-1.397178096062604880e+01
-1.395831192300982160e+01
-1.394477516300733200e+01
-1.393155934127282158e+01
-1.391856051573352460e+01
-1.390619972035309715e+01
-1.389442835453732350e+01
-1.388351490966251944e+01
-1.387341403343071988e+01
-1.386431479948644352e+01
-1.385669911995759307e+01
-1.385004989700374622e+01
-1.384493916564501248e+01
-1.384132577073437531e+01
-1.383935494137396383e+01
-1.383875306768778302e+01
-1.383961243722181678e+01
-1.384245323113360726e+01
-1.384695376839542291e+01
-1.385310716929071440e+01
-1.406252884289178873e+01
-1.404416962900784327e+01
-1.402552955249512756e+01
-1.400671862394934841e+01
-1.398812910702554113e+01
-1.396976453142991836e+01
-1.395164366260765121e+01
-1.393413575240788305e+01
-1.391715785469484068e+01
-1.390152877121131603e+01
-1.388644305395115275e+01
-1.387230260537262616e+01
-1.385962519720389352e+01
-1.384830893279055708e+01
-1.383848873670662982e+01
-1.383010155086979687e+01
-1.382345682092165084e+01
-1.381857416443261144e+01
-1.381518018354397270e+01
-1.381387191696400940e+01
-1.381415328725593916e+01
-1.381664355609198047e+01
-1.382073363878572358e+01
-1.382689693397254693e+01
-1.383448254072830785e+01
-1.412737364918724481e+01
-1.410306739674139465e+01
-1.407897879405496688e+01
-1.405496625424999735e+01
-1.403179841267304440e+01
-1.400936014180278377e+01
-1.398759808280340167e+01
-1.396681201058685318e+01
-1.394734219832493771e+01
-1.392892749832875943e+01
-1.391224616358291044e+01
-1.389714129898826656e+01
-1.388382142782361761e+01
-1.387195690648556301e+01
-1.386226090301929759e+01
-1.385433862175731434e+01
-1.384839942104484400e+01
-1.384470495330505102e+01
-1.384318753807553648e+01
-1.384359624227295527e+01
-1.384599891927556214e+01
-1.385084864357302337e+01
-1.385743804039861615e+01
-1.386602988877990761e+01
-1.387617778192385032e+01
-1.425368842347729448e+01
-1.422539082211517503e+01
-1.419752821253964470e+01
-1.417016947089780921e+01
-1.414324460842558651e+01
-1.411757751110190640e+01
-1.409283701548999446e+01
-1.406931027183754601e+01
-1.404746227317873597e+01
-1.402728991062978459e+01
-1.400864104657069120e+01
-1.399221500039634769e+01
-1.397744147198326026e+01
-1.396503823535610955e+01
-1.395464030151155121e+01
-1.394677215984821750e+01
-1.394103008066340976e+01
-1.393773432876039031e+01
-1.393666600172215553e+01
-1.393828579553640523e+01
-1.394178715513882238e+01
-1.394800397602069886e+01
-1.395641497572464651e+01
-1.396655191969566623e+01
-1.397874897759469626e+01
-1.444207739021871717e+01
-1.441201077501001748e+01
-1.438193914295490572e+01
-1.435251041840620623e+01
-1.432348495895633000e+01
-1.429582277844308003e+01
-1.426872858786314069e+01
-1.424346612429827807e+01
-1.421914491767580913e+01
-1.419701130086339980e+01
-1.417647715880398174e+01
-1.415813710870981268e+01
-1.414170225447563389e+01
-1.412759343076724150e+01
-1.411585360711261572e+01
-1.410639618386074545e+01
-1.409960330667159489e+01
-1.409502638689405885e+01
-1.409354323281838894e+01
-1.409380049942034319e+01
-1.409704240845571555e+01
-1.410220305731308521e+01
-1.410987716844937800e+01
-1.412015558882222699e+01
-1.413188544357335807e+01
-1.464925985179297641e+01
-1.461843718772130885e+01
-1.458761393765780667e+01
-1.455710103630122454e+01
-1.452701229785145642e+01
-1.449800823445826303e+01
-1.446967122143721873e+01
-1.444279732903225266e+01
-1.441711053577168222e+01
-1.439294865752751384e+01
-1.437066407552866565e+01
-1.435033299150828334e+01
-1.433206851456788833e+01
-1.431598000643129609e+01
-1.430226305718681701e+01
-1.429075417822082095e+01
-1.428177490057093380e+01
-1.427523450283923445e+01
-1.427118281078408835e+01
-1.426972272383440554e+01
-1.427053322565604887e+01
-1.427362283946693111e+01
-1.427933130439401310e+01
-1.428694366844401920e+01
-1.429643707187896062e+01
-1.481057647595236837e+01
-1.477871026107572661e+01
-1.474692636527054290e+01
-1.471554692594667557e+01
-1.468455165834640042e+01
-1.465417482343313260e+01
-1.462492023055094847e+01
-1.459661411269549092e+01
-1.456954586843535893e+01
-1.454423330379372459e+01
-1.452041631401247912e+01
-1.449851188749386566e+01
-1.447869429117728224e+01
-1.446081668497332195e+01
-1.444515820022206576e+01
-1.443185003225229934e+01
-1.442105348991941050e+01
-1.441224727063397282e+01
-1.440611224673100921e+01
-1.440238770163706405e+01
-1.440099906579599320e+01
-1.440175758242847870e+01
-1.440445177497785956e+01
-1.440933531572421522e+01
-1.441600068574594218e+01
-1.488297761506876959e+01
-1.484924786736613633e+01
-1.481546431399795338e+01
-1.478219392509257446e+01
-1.474973321324912057e+01
-1.471784616051361461e+01
-1.468721722634415450e+01
-1.465759892762779870e+01
-1.462912732346509337e+01
-1.460257997179486900e+01
-1.457766246440806768e+01
-1.455448289372938397e+01
-1.453315698502668241e+01
-1.451412563498193542e+01
-1.449727993946792992e+01
-1.448261883922180893e+01
-1.447033403937784790e+01
-1.446038392293554864e+01
-1.445281823528310206e+01
-1.444759752034464384e+01
-1.444454358398717453e+01
-1.444363739690331272e+01
-1.444476437451075590e+01
-1.444789869230167412e+01
-1.445281734589388023e+01
-1.486601910609532418e+01
-1.482922121750165800e+01
-1.479285065648366704e+01
-1.475734249747706350e+01
-1.472226642352587689e+01
-1.468858231644634849e+01
-1.465571799801821307e+01
-1.462440688920992216e+01
-1.459455590696708605e+01
-1.456620217238749859e+01
-1.453988201669368685e+01
-1.451535955021859081e+01
-1.449315223282214582e+01
-1.447283662993749509e+01
-1.445507078923780853e+01
-1.443953438247024756e+01
-1.442648892584644749e+01
-1.441577765707507730e+01
-1.440736365382054984e+01
-1.440180096221654082e+01
-1.439808126614908801e+01
-1.439666530848033510e+01
-1.439744829924488734e+01
-1.440017817705762049e+01
-1.440476201653196675e+01
-2.319090695769513433e-01
